0.000000,0.002019,0.000232,0.000466,0.001745,0.006839
1.000000,0.001871,-0.000232,0.000117,0.001508,-0.003871
2.000000,0.000465,0.000232,0.000583,0.001395,0.003098
3.000000,0.002176,0.000310,0.000505,0.001637,0.000773
4.000000,0.001985,0.001475,0.000698,0.001497,0.003086
5.000000,0.000925,0.001472,0.000619,0.001495,0.001540
6.000000,0.003537,0.002704,0.000923,0.001801,0.009188
7.000000,0.002918,0.001691,0.001001,0.001801,0.000000
8.000000,0.002915,0.002545,0.001156,0.001400,0.000762
9.000000,0.002450,0.002218,0.001077,0.001162,0.000761
10.000000,0.001838,0.001381,0.000807,0.000771,-0.001523
11.000000,0.000457,0.001997,0.000882,0.000743,0.002284
12.000000,-0.000305,0.001306,0.000769,0.000824,-0.003810
13.000000,0.000304,0.001610,0.000960,0.000873,0.003810
14.000000,0.000304,0.001377,0.001426,0.000925,0.000760
15.000000,-0.000458,0.000690,0.001081,0.000643,-0.005333
16.000000,-0.000609,-0.000076,0.001314,0.000590,0.001527
17.000000,0.000914,0.000304,0.000998,0.000769,0.003807
18.000000,-0.000152,0.000076,0.001311,0.000796,-0.001521
19.000000,-0.001986,-0.000841,0.000689,0.000438,-0.008407
20.000000,-0.000612,-0.000535,0.000423,0.000360,0.001534
21.000000,-0.000917,-0.000763,0.000617,0.000334,0.000000
22.000000,-0.003681,-0.001384,-0.000039,0.000052,-0.010012
23.000000,-0.003377,-0.001765,-0.000077,0.000052,0.000000
24.000000,-0.002627,-0.002306,-0.000464,0.000182,-0.004655
25.000000,-0.003712,-0.002162,-0.000736,0.000000,-0.003896
26.000000,-0.003556,-0.002237,-0.001157,0.000130,0.000780
27.000000,-0.001710,-0.002696,-0.001196,-0.000233,-0.000780
28.000000,-0.000465,-0.001921,-0.000922,0.000234,0.006226
29.000000,0.000466,-0.001080,-0.000960,0.000099,0.000000
30.000000,0.001245,-0.001234,-0.000884,-0.000129,0.000000
31.000000,0.001244,-0.001156,-0.000960,0.000026,0.000775
32.000000,0.001865,0.000077,-0.000653,0.000000,0.002323
33.000000,-0.002970,-0.001717,-0.001741,-0.000624,-0.017948
34.000000,-0.000933,-0.000234,-0.001270,-0.000387,0.010184
35.000000,-0.000622,0.000312,-0.000925,-0.000387,0.001558
36.000000,-0.002182,-0.000469,-0.001353,-0.000927,-0.007029
37.000000,-0.001553,0.000156,-0.001270,-0.000745,0.005471
38.000000,0.003435,0.000232,-0.000844,-0.000537,0.006990
39.000000,0.001553,0.000310,-0.000385,-0.000537,0.000774
40.000000,0.002321,0.000850,-0.000192,-0.000306,0.005399
41.000000,0.004954,0.001386,0.000115,-0.000178,0.006135
42.000000,0.005079,0.001763,0.000920,0.000152,0.006098
43.000000,0.005647,0.004541,0.001412,0.000353,0.009830
44.000000,0.002154,0.001853,0.000810,-0.000229,-0.016692
45.000000,0.001685,0.002003,0.001157,0.000051,0.003056
46.000000,0.000611,0.002782,0.001157,0.000025,0.000762
47.000000,-0.000609,0.002235,0.001196,-0.000101,0.000000
48.000000,-0.002422,0.001612,0.000922,-0.000025,0.000762
49.000000,0.001676,0.001915,0.001112,0.000382,0.003801
50.000000,0.007192,0.004438,0.002644,0.001352,0.030634
51.000000,0.006892,0.003751,0.002569,0.001327,-0.000736
52.000000,0.005562,0.002477,0.002120,0.001439,-0.006649
53.000000,0.007034,0.002306,0.003423,0.001710,0.008121
54.000000,0.007301,0.004488,0.003171,0.002036,0.005134
55.000000,0.002195,0.004694,0.003348,0.002336,0.005108
56.000000,0.002270,0.004581,0.003682,0.002298,-0.000364
57.000000,0.005844,0.005703,0.003969,0.002698,0.011222
58.000000,0.004939,0.005986,0.003799,0.002610,0.003593
59.000000,0.004985,0.006143,0.004029,0.002789,0.005366
60.000000,0.003320,0.002758,0.003598,0.002682,-0.003216
61.000000,0.003106,0.002688,0.003220,0.002608,-0.001433
62.000000,0.000431,0.003138,0.002807,0.002459,-0.002153
63.000000,0.001002,0.002970,0.002638,0.003272,0.006445
64.000000,0.000499,0.002742,0.003615,0.003028,0.002851
65.000000,0.002702,0.003011,0.003852,0.003236,0.007799
66.000000,0.002281,0.002694,0.003637,0.003352,-0.003537
67.000000,0.001003,0.000717,0.003210,0.002885,-0.008541
68.000000,-0.001361,-0.000180,0.002903,0.002473,-0.005375
69.000000,0.002827,0.001663,0.003903,0.003240,0.023790
70.000000,-0.003419,-0.000359,0.001200,0.002279,-0.023430
71.000000,0.000000,0.001140,0.001914,0.002527,0.013557
72.000000,-0.000143,0.000430,0.001784,0.002015,-0.009256
73.000000,0.001931,0.000285,0.001628,0.001854,0.004995
74.000000,-0.000281,0.001273,0.002007,0.002834,0.012730
75.000000,0.004265,0.000423,0.001717,0.002709,-0.000703
76.000000,0.004762,0.002381,0.002537,0.003219,0.016045
77.000000,0.009089,0.004473,0.002595,0.003631,0.012380
78.000000,0.008227,0.005079,0.002450,0.003629,0.000683
79.000000,0.004860,0.002289,0.001976,0.003365,-0.004107
80.000000,0.007996,0.006130,0.002886,0.002843,0.014976
81.000000,0.004922,0.004842,0.002991,0.002890,0.000675
82.000000,-0.000685,0.004202,0.002316,0.002590,-0.015652
83.000000,0.000409,0.004318,0.002302,0.002524,0.006154
84.000000,0.005680,0.005270,0.003271,0.003095,0.022246
85.000000,0.006776,0.007386,0.003904,0.003606,0.020456
86.000000,0.009365,0.007144,0.004762,0.004073,0.013623
87.000000,0.010293,0.004804,0.004639,0.003332,-0.011014
88.000000,0.008017,0.004213,0.004646,0.003038,-0.005225
89.000000,0.003699,0.004689,0.003489,0.002881,0.000655
90.000000,0.000000,0.003388,0.004759,0.003053,0.001961
91.000000,-0.000904,0.004231,0.004536,0.003404,0.009103
92.000000,0.005081,0.007687,0.005945,0.004107,0.018914
93.000000,0.003377,0.005697,0.005008,0.003433,-0.013749
94.000000,0.004017,0.003858,0.004564,0.003467,0.003856
95.000000,0.004009,0.002005,0.004695,0.003271,0.001922
96.000000,0.003846,0.001471,0.004307,0.003665,0.008288
97.000000,-0.004561,0.000260,0.002532,0.003179,-0.023122
98.000000,-0.004559,-0.000591,0.001811,0.002900,-0.013739
99.000000,-0.007849,-0.001916,0.001387,0.001688,-0.012595
100.000000,-0.010785,-0.003388,0.000000,0.002043,-0.012756
101.000000,-0.021425,-0.008789,-0.002279,0.000094,-0.044913
102.000000,-0.015954,-0.010258,-0.001285,0.000544,0.004231
103.000000,-0.015471,-0.010015,-0.002159,0.000000,-0.011324
104.000000,-0.010547,-0.009198,-0.002670,-0.000023,0.012027
105.000000,-0.009124,-0.009954,-0.003975,-0.000188,-0.005642
106.000000,-0.000850,-0.011138,-0.004833,-0.000841,-0.003542
107.000000,0.001682,-0.007136,-0.003438,-0.000691,0.016890
108.000000,0.005060,-0.005206,-0.002898,-0.000528,0.005567
109.000000,0.003209,-0.003669,-0.002793,-0.000299,0.002772
110.000000,-0.000567,-0.004845,-0.004117,-0.001615,-0.024520
111.000000,-0.003725,-0.002287,-0.005538,-0.002282,-0.019335
112.000000,-0.003947,-0.001132,-0.005695,-0.001234,0.015782
113.000000,-0.003924,0.000568,-0.004724,-0.001250,0.005678
114.000000,-0.003631,-0.000211,-0.004705,-0.001850,0.004237
115.000000,0.001273,0.000353,-0.004801,-0.002532,0.000000
116.000000,0.000433,-0.001646,-0.006392,-0.003771,-0.023530
117.000000,-0.012027,-0.007987,-0.007562,-0.004954,-0.046520
118.000000,-0.012408,-0.008166,-0.006686,-0.004654,0.003772
119.000000,-0.016903,-0.010267,-0.006968,-0.005284,-0.018238
120.000000,-0.014313,-0.006520,-0.005683,-0.004918,0.012953
121.000000,-0.008098,-0.003832,-0.003060,-0.004970,0.007542
122.000000,0.009304,-0.001362,-0.001247,-0.004251,0.040491
123.000000,0.009126,-0.001641,-0.000537,-0.003696,0.002882
124.000000,0.007378,-0.004763,-0.002487,-0.004724,-0.026979
125.000000,0.006113,-0.004100,-0.001873,-0.004567,0.006630
126.000000,0.002687,-0.002706,-0.002176,-0.005163,-0.009591
127.000000,-0.006303,0.001500,-0.003243,-0.004541,-0.004458
128.000000,-0.006582,0.001272,-0.003447,-0.004033,0.001488
129.000000,0.001326,0.004352,-0.002958,-0.003195,0.012560
130.000000,0.002336,0.004224,-0.001148,-0.002380,0.011679
131.000000,0.008419,0.005553,0.000860,-0.000189,0.020827
132.000000,0.009169,0.001433,0.000036,-0.000354,-0.000711
133.000000,0.009723,0.001570,-0.000035,0.000166,0.004258
134.000000,0.006785,0.004056,-0.000354,-0.000306,-0.002127
135.000000,0.004449,0.003393,-0.000354,-0.000118,0.000000
136.000000,0.002262,0.005340,0.001317,0.000330,0.009887
137.000000,0.000000,0.004584,0.003042,-0.000634,-0.012019
138.000000,0.000424,0.005074,0.003173,-0.000607,0.006381
139.000000,0.000567,0.003676,0.004014,-0.000746,-0.001414
140.000000,-0.004449,0.000000,0.002112,-0.000765,-0.025082
141.000000,-0.002119,0.000071,0.002812,0.000597,0.021537
142.000000,0.000852,0.000426,0.000929,0.000166,0.002837
143.000000,-0.002560,-0.001068,0.000251,-0.000380,-0.010680
144.000000,-0.003282,-0.001358,0.001349,-0.000688,-0.005023
145.000000,-0.001164,-0.002807,0.000293,-0.001171,-0.014493
146.000000,-0.006937,-0.004528,0.000406,-0.000631,-0.007326
147.000000,-0.006771,-0.002959,0.000812,0.001042,0.003670
148.000000,-0.005810,-0.004185,0.000444,0.000720,-0.005878
149.000000,-0.002753,-0.003017,0.000329,0.001670,0.010264
150.000000,-0.000878,-0.001021,-0.000511,0.001068,-0.005119
151.000000,0.003787,-0.001575,-0.000752,0.001350,0.016000
152.000000,0.004205,-0.001283,-0.000429,0.000192,0.005755
153.000000,0.006239,0.000215,-0.000427,0.000239,0.004295
154.000000,0.001019,-0.000867,-0.001112,0.000610,-0.015839
155.000000,0.002042,0.000582,-0.001112,0.000389,0.000000
156.000000,-0.004967,-0.000590,-0.002559,0.000074,-0.019048
157.000000,-0.012430,-0.004113,-0.003536,-0.000829,-0.031558
158.000000,-0.018079,-0.005920,-0.005053,-0.001677,-0.023949
159.000000,-0.010427,-0.004704,-0.003861,-0.001348,0.022421
160.000000,-0.010121,-0.004039,-0.002530,-0.001687,0.001528
161.000000,-0.003884,-0.004426,-0.003000,-0.001976,0.012140
162.000000,0.003931,-0.004250,-0.002766,-0.001702,0.007513
163.000000,0.007670,-0.005205,-0.002495,-0.002019,-0.005253
164.000000,0.000458,-0.004984,-0.002926,-0.002403,-0.013637
165.000000,-0.000153,-0.005137,-0.002277,-0.002454,-0.001527
166.000000,-0.000907,-0.002395,-0.001493,-0.002505,0.008368
167.000000,-0.006388,-0.001229,-0.002671,-0.002767,-0.019894
168.000000,-0.007201,0.000234,-0.002843,-0.003290,-0.009317
169.000000,-0.002765,-0.001153,-0.002929,-0.002958,0.008544
170.000000,-0.007155,-0.003654,-0.003847,-0.002905,-0.023475
171.000000,-0.005530,-0.003219,-0.003822,-0.003073,0.016490
172.000000,0.002763,-0.001813,-0.003031,-0.002448,0.021572
173.000000,0.006749,-0.000226,-0.002715,-0.001739,0.010614
174.000000,0.005342,0.001288,-0.001848,-0.001521,0.001507
175.000000,0.007917,0.000381,-0.002378,-0.001391,-0.010598
176.000000,0.007940,0.001205,-0.000595,-0.000593,0.016604
177.000000,0.006154,0.004459,0.001615,-0.000294,0.012644
178.000000,0.006237,0.006493,0.003364,0.000269,0.011025
179.000000,0.010560,0.007951,0.003399,0.000698,0.023122
180.000000,0.010236,0.009077,0.002711,0.000461,-0.012217
181.000000,0.006045,0.006993,0.001887,-0.000217,-0.004348
182.000000,0.004386,0.005270,0.001729,-0.000264,0.004348
183.000000,0.002614,0.004426,0.002100,-0.000335,0.002167
184.000000,-0.000429,0.005065,0.003177,0.000456,0.007905
185.000000,0.001297,0.005767,0.003074,0.000337,-0.003586
186.000000,0.000290,0.003168,0.002186,0.000659,-0.009383
187.000000,-0.000434,0.001976,0.003217,0.001735,0.000725
188.000000,0.002296,0.002455,0.004474,0.003061,0.015816
189.000000,0.001284,0.000428,0.004189,0.002408,0.002849
190.000000,-0.003332,-0.001017,0.004030,0.001468,-0.026668
191.000000,-0.001237,-0.000473,0.003260,0.001100,0.001095
192.000000,-0.001455,-0.000944,0.002163,0.000838,-0.000365
193.000000,-0.006083,-0.001894,0.001266,0.000769,-0.007326
194.000000,-0.006212,-0.002464,0.001301,0.001297,0.002203
195.000000,0.002757,-0.000288,0.002739,0.001953,0.018176
196.000000,0.005683,0.002223,0.002695,0.002199,0.015726
197.000000,0.004189,0.001367,0.001672,0.002601,-0.007832
198.000000,0.004508,-0.000788,0.000834,0.002720,-0.005735
199.000000,0.008616,0.001202,0.000815,0.003193,0.022744
200.000000,0.007217,0.004987,0.001985,0.004349,0.011181
201.000000,0.006283,0.005983,0.002755,0.004168,0.011057
202.000000,0.008536,0.006363,0.002709,0.003563,0.003431
203.000000,0.008101,0.006304,0.002205,0.002945,-0.007908
204.000000,0.004448,0.006532,0.002034,0.003044,0.004477
205.000000,0.004942,0.006079,0.002896,0.003853,0.013652
206.000000,0.002187,0.004235,0.003229,0.003209,-0.002716
207.000000,0.002044,0.005290,0.003329,0.002878,0.002716
208.000000,0.003897,0.005999,0.002606,0.002555,0.001355
209.000000,0.003001,0.003725,0.002463,0.001785,0.000000
210.000000,0.001082,0.003012,0.003999,0.002327,0.004054
211.000000,0.000801,0.001494,0.003738,0.002335,-0.004122
212.000000,-0.001224,0.000410,0.003386,0.001943,-0.007408
213.000000,-0.001905,0.000996,0.003650,0.001802,-0.002048
214.000000,-0.000542,0.001230,0.003881,0.001766,0.006812
215.000000,-0.002989,-0.000954,0.002563,0.001613,-0.008180
216.000000,-0.004506,-0.001853,0.001191,0.001535,-0.011704
217.000000,-0.005113,-0.003168,0.001061,0.001163,-0.010442
218.000000,-0.003169,-0.002537,0.001731,0.000891,0.007668
219.000000,-0.003148,-0.001845,0.000940,0.001027,0.006920
220.000000,0.000137,-0.001426,0.000793,0.002191,0.008242
221.000000,0.004248,-0.000129,0.000683,0.002449,0.008853
222.000000,0.005658,0.000272,0.000341,0.002348,-0.003396
223.000000,0.003032,-0.000068,0.000464,0.002411,-0.005457
224.000000,0.000413,-0.001367,-0.000069,0.002131,-0.006175
225.000000,0.000273,0.000205,-0.000374,0.001777,0.007542
226.000000,-0.002730,0.000759,-0.000547,0.001047,-0.006167
227.000000,-0.003708,0.000975,-0.001097,0.001032,-0.008282
228.000000,-0.001510,0.000761,-0.000888,0.001408,0.005529
229.000000,0.001781,0.001097,-0.000374,0.000992,0.010285
230.000000,-0.000959,-0.000343,-0.000884,0.000414,-0.006158
231.000000,-0.000551,-0.001641,-0.000885,-0.000092,-0.004127
232.000000,0.003572,-0.000068,0.000102,0.000205,0.012329
233.000000,0.001647,0.000068,0.000000,0.000332,-0.004093
234.000000,0.000000,0.000891,-0.000238,0.000251,0.002048
235.000000,0.003403,0.001222,0.000714,0.000158,0.010855
236.000000,0.007574,0.003512,0.002135,0.000806,0.016728
237.000000,0.003107,0.003339,0.002157,0.000382,-0.010003
238.000000,-0.000274,0.000687,0.000724,-0.000363,-0.020996
239.000000,-0.003440,-0.001720,-0.000311,-0.000823,-0.013784
240.000000,-0.005750,-0.001174,-0.000758,-0.000981,-0.000694
241.000000,-0.007711,-0.000069,-0.000855,-0.000613,0.006920
242.000000,-0.005160,-0.001026,-0.000547,-0.000274,0.002755
243.000000,0.003259,0.001493,0.000780,0.000498,0.021096
244.000000,0.003304,-0.000068,0.000411,-0.000182,-0.013560
245.000000,0.008031,0.001141,0.001181,0.000856,0.022943
246.000000,0.006780,-0.000466,0.001523,0.001268,0.000667
247.000000,0.006096,0.000468,0.001904,0.001594,-0.000667
248.000000,0.001877,0.002568,0.001627,0.001339,0.000000
249.000000,0.005255,0.004279,0.001280,0.001219,0.003330
250.000000,-0.000936,0.003547,0.001187,0.000677,-0.008011
251.000000,-0.003769,0.001506,0.000718,-0.000068,-0.013495
252.000000,-0.005821,0.000137,-0.000444,-0.000319,-0.010929
253.000000,-0.003499,-0.000811,0.000341,0.000250,0.011608
254.000000,-0.005118,0.000068,0.000000,0.000297,-0.004764
255.000000,-0.003380,-0.002158,-0.000509,0.000068,0.000682
256.000000,-0.002461,-0.003115,-0.001790,-0.000023,-0.008901
257.000000,0.001914,-0.001954,-0.000743,0.000618,0.010944
258.000000,-0.000544,-0.002022,0.000273,0.000411,-0.000681
259.000000,-0.001506,-0.003312,0.000483,-0.000251,-0.009576
260.000000,0.000000,-0.001690,0.000929,0.000228,0.008214
261.000000,0.002868,0.000204,0.000855,0.000547,0.005438
262.000000,0.001356,0.001635,0.000886,0.000249,0.003384
263.000000,0.000815,0.000136,-0.000338,0.000272,-0.003384
264.000000,0.003407,0.000950,0.000509,0.000317,0.003384
265.000000,0.000952,0.000476,-0.000841,-0.000180,-0.004062
266.000000,-0.001634,0.000617,-0.001249,-0.000988,-0.007491
267.000000,-0.004648,-0.001646,-0.001800,-0.001044,-0.011688
268.000000,-0.007741,-0.003463,-0.002742,-0.000972,-0.018849
269.000000,-0.009690,-0.003142,-0.003227,-0.000725,-0.006363
270.000000,-0.008878,-0.003963,-0.002826,-0.000702,0.000000
271.000000,-0.007380,-0.004507,-0.002152,-0.000932,0.000000
272.000000,0.000000,-0.002324,-0.000345,-0.000184,0.025211
273.000000,-0.001983,-0.004862,-0.002363,-0.001846,-0.028764
274.000000,0.002257,-0.003717,-0.001383,-0.000899,0.014836
275.000000,-0.000568,-0.004723,-0.002124,-0.002135,-0.014125
276.000000,-0.000426,-0.003903,-0.001643,-0.002134,0.000711
277.000000,-0.003066,-0.001533,-0.001590,-0.001711,0.012010
278.000000,0.003388,0.000702,-0.001380,-0.001594,0.003505
279.000000,0.002093,0.002175,-0.000483,-0.001426,0.008362
280.000000,0.004223,0.001827,-0.001068,-0.001275,-0.003476
281.000000,0.006021,0.002797,-0.000855,-0.000502,0.009702
282.000000,0.005130,0.001032,-0.000646,0.000114,0.007558
283.000000,0.003193,0.003290,-0.000786,-0.000479,-0.006179
284.000000,0.002346,0.002219,-0.000749,-0.000182,0.004124
285.000000,0.002904,0.003563,-0.000580,-0.000228,-0.000686
286.000000,0.001100,0.003561,-0.000171,0.000092,0.000686
287.000000,-0.000686,0.002222,0.000345,-0.000319,-0.001373
288.000000,0.002872,0.003033,0.001867,0.000091,0.011608
289.000000,0.001911,0.002128,0.002152,0.000387,-0.000679
290.000000,0.002862,0.002883,0.002355,0.000249,0.004068
291.000000,0.003400,0.002250,0.002524,0.000180,0.003377
292.000000,0.003270,0.001292,0.001162,0.000000,-0.002025
293.000000,0.003899,0.003386,0.003338,0.000605,0.014755
294.000000,0.003502,0.002707,0.002463,0.000403,-0.002667
295.000000,0.000135,0.001499,0.002531,0.000113,-0.012765
296.000000,-0.004225,-0.000412,0.001574,-0.000252,-0.018424
297.000000,-0.004096,-0.000413,0.000905,0.000092,-0.001378
298.000000,-0.002546,0.000677,0.001855,0.001470,0.022504
299.000000,-0.005963,-0.001230,0.000449,0.001024,-0.019749
300.000000,-0.002039,-0.000952,0.000966,0.001253,0.006854
301.000000,0.003279,-0.000473,0.000889,0.001525,0.008163
302.000000,0.003148,-0.000474,0.000409,0.000617,-0.002035
303.000000,0.000000,-0.001273,0.001056,0.001801,0.006766
304.000000,0.000138,-0.002912,-0.000103,0.000671,-0.019061
305.000000,-0.001646,-0.001842,-0.000172,0.001073,-0.002064
306.000000,-0.001360,0.000960,0.000274,0.001369,0.009596
307.000000,-0.003285,-0.000069,-0.000241,0.000580,-0.011664
308.000000,-0.002579,-0.001289,-0.000306,0.000807,0.010299
309.000000,0.001643,0.000890,-0.000170,0.000596,0.002047
310.000000,0.002736,0.000545,-0.000203,0.000825,0.003403
311.000000,0.001901,0.000271,-0.000101,0.000683,0.005420
312.000000,0.006117,0.001416,0.000471,0.000745,0.009415
313.000000,0.004992,0.001206,-0.000033,0.001106,0.004674
314.000000,0.006043,0.003843,0.000465,0.001212,0.007302
315.000000,0.004965,0.003851,0.001004,0.001169,-0.001986
316.000000,0.004807,0.003354,0.002157,0.001300,0.004628
317.000000,0.003319,0.004718,0.002324,0.001412,0.001977
318.000000,0.003827,0.004410,0.001560,0.001266,0.007216
319.000000,0.003019,0.004531,0.002711,0.001397,0.003263
320.000000,0.003156,0.004060,0.002303,0.001218,-0.001304
321.000000,0.001838,0.003323,0.001797,0.001040,-0.001959
322.000000,0.002356,0.002838,0.002127,0.001260,0.004565
323.000000,0.003884,0.003855,0.002531,0.001263,0.014853
324.000000,0.005272,0.004146,0.003994,0.001692,0.010204
325.000000,0.005533,0.004344,0.004097,0.002117,0.000000
326.000000,0.005670,0.003754,0.003554,0.002689,-0.001270
327.000000,0.005138,0.003747,0.004233,0.002799,0.001904
328.000000,0.001660,0.002772,0.003591,0.001964,-0.002540
329.000000,0.000127,0.002699,0.003615,0.002707,0.002540
330.000000,-0.000763,0.002385,0.003223,0.002330,-0.004449
331.000000,0.000000,0.002835,0.003079,0.002143,0.002545
332.000000,0.000253,0.002696,0.002767,0.002316,0.003172
333.000000,-0.001148,0.000256,0.002056,0.001773,-0.009545
334.000000,-0.003971,-0.001922,0.001112,0.002022,-0.011576
335.000000,-0.001022,-0.000892,0.001726,0.002434,0.010296
336.000000,-0.001915,-0.000958,0.001398,0.002050,-0.001922
337.000000,-0.004354,-0.002050,0.000849,0.002138,-0.009021
338.000000,0.000766,-0.000191,0.001290,0.002330,0.016052
339.000000,0.006616,0.001323,0.002011,0.002851,0.017677
340.000000,0.003930,0.001454,0.001920,0.002633,-0.003134
341.000000,0.003812,0.000948,0.001892,0.002369,-0.002514
342.000000,0.004607,0.000127,0.001411,0.001887,-0.005047
343.000000,0.000000,0.000383,0.000319,0.001498,-0.006982
344.000000,-0.004046,0.001285,-0.000318,0.001170,-0.002551
345.000000,-0.001133,0.001399,0.000253,0.001617,0.011429
346.000000,-0.000883,0.001465,0.000253,0.001420,-0.001263
347.000000,-0.002290,0.001158,-0.000446,0.000952,-0.012083
348.000000,-0.001920,-0.000960,-0.000575,0.000540,-0.005132
349.000000,-0.000640,-0.002343,-0.000510,0.000560,0.003851
350.000000,-0.001013,-0.001073,0.000191,0.000922,0.009563
351.000000,0.001009,0.000063,0.000506,0.001282,0.008844
352.000000,-0.000769,-0.001530,-0.000702,0.000431,-0.020973
353.000000,0.002047,0.000064,0.000223,0.000234,0.008951
354.000000,0.002420,0.000890,0.001088,0.000084,0.005712
355.000000,0.002020,0.000504,0.000951,0.000337,0.007566
356.000000,0.000000,0.000504,0.000984,0.000337,-0.001257
357.000000,0.004823,0.002027,0.001592,0.000378,0.003140
358.000000,0.005153,0.003600,0.001320,0.000816,0.010602
359.000000,0.002516,0.002468,0.000063,0.000483,-0.007472
360.000000,-0.003421,-0.000700,-0.000887,-0.000106,-0.022118
361.000000,-0.003042,-0.001521,-0.000729,-0.000170,0.000639
362.000000,-0.006759,-0.000968,-0.001249,-0.000790,-0.015444
363.000000,-0.013471,-0.004159,-0.002048,-0.001238,-0.022959
364.000000,-0.003658,-0.000571,0.000159,0.000535,0.041591
365.000000,0.000255,-0.001583,-0.000540,0.000107,-0.002549
366.000000,-0.001796,-0.002419,-0.000957,-0.000150,-0.009619
367.000000,0.004616,-0.001072,0.000478,0.000704,0.016614
368.000000,0.009461,-0.002005,0.000797,0.000212,0.001267
369.000000,0.000382,-0.001638,0.000415,-0.000504,-0.003805
370.000000,-0.001152,-0.000448,-0.000574,-0.000741,-0.010217
371.000000,0.000772,-0.000512,-0.001017,-0.000657,0.000000
372.000000,-0.001271,0.001672,0.000352,-0.000275,0.006398
373.000000,0.000127,0.004794,0.000317,0.000233,0.008257
374.000000,0.001267,0.000824,0.000126,0.000381,0.001896
375.000000,0.001916,0.000382,-0.000600,-0.000232,-0.006969
376.000000,0.003184,0.001978,-0.000221,0.000021,0.006337
377.000000,0.001778,0.000253,-0.000409,0.000403,-0.000632
378.000000,-0.001269,-0.000571,-0.001288,0.000341,-0.006978
379.000000,-0.001267,0.000000,-0.000819,0.000276,0.001908
380.000000,-0.000764,0.000576,0.000064,-0.000191,-0.004457
381.000000,-0.000379,0.001402,0.000445,-0.000210,0.008262
382.000000,-0.000823,0.000477,0.001075,0.000394,-0.002852
383.000000,0.000254,-0.000507,0.002143,0.000042,-0.001588
384.000000,-0.000382,-0.000824,0.000000,-0.000190,-0.001272
385.000000,0.000510,-0.000127,0.000127,-0.000443,0.000000
386.000000,-0.000380,-0.000380,0.000799,-0.000274,0.003812
387.000000,0.000570,-0.000127,0.000063,-0.000315,0.001901
388.000000,0.003654,0.001954,0.000691,-0.000207,0.013828
389.000000,0.001901,0.000759,0.000380,-0.000293,-0.010038
390.000000,0.001901,0.001205,0.000891,0.000444,0.000000
391.000000,0.001138,0.000379,0.000891,0.000423,0.000000
392.000000,0.000000,0.000285,0.000381,0.000811,-0.003790
393.000000,-0.002260,0.000697,0.000095,0.001661,0.002528
394.000000,-0.000885,0.000508,-0.000158,0.000169,-0.003162
395.000000,-0.000379,0.000761,0.000317,0.000339,0.002530
396.000000,-0.002155,-0.000509,-0.000444,0.000363,-0.008883
397.000000,-0.004739,-0.002370,-0.001248,-0.000748,-0.016710
398.000000,-0.004986,-0.003623,-0.000834,-0.000747,0.001295
399.000000,-0.002037,-0.001461,-0.000351,-0.000234,0.011583
400.000000,-0.004601,-0.002490,-0.000642,-0.000236,-0.010289
401.000000,-0.002824,-0.002490,-0.001055,-0.000236,0.000000
402.000000,0.000647,-0.002046,-0.000880,-0.000428,0.000646
403.000000,0.000646,-0.002170,-0.000736,-0.000660,0.001291
404.000000,-0.000256,-0.001147,-0.000319,-0.000488,0.007072
405.000000,0.001674,-0.001464,-0.000351,-0.000277,-0.000641
406.000000,0.004221,0.000699,0.000095,-0.000063,0.012739
407.000000,0.002567,0.001607,-0.000381,-0.000296,-0.007624
408.000000,0.001158,0.000902,-0.001360,-0.000256,-0.005756
409.000000,0.003807,0.001776,0.000157,0.000358,0.020318
410.000000,0.004187,0.002930,0.000220,0.000549,0.001256
411.000000,0.002266,0.003244,0.000377,0.000378,0.003134
412.000000,0.003038,0.002803,0.000378,0.000347,-0.003762
413.000000,0.002042,0.001600,-0.000285,0.000042,-0.010736
414.000000,-0.002466,0.000670,-0.000238,0.000011,-0.002225
415.000000,-0.001259,0.001464,0.000000,0.000254,0.007291
416.000000,-0.001760,0.000253,0.000476,0.000148,0.000632
417.000000,-0.001008,0.001015,0.001311,0.000084,0.000000
418.000000,0.001140,0.001591,0.001246,-0.000377,0.000000
419.000000,0.002718,0.000126,0.000951,0.000147,0.005666
420.000000,0.002636,0.000688,0.001809,0.000376,0.006881
421.000000,0.001760,0.000000,0.001622,0.000251,-0.003748
422.000000,0.004124,0.001558,0.002180,0.000772,0.011820
423.000000,0.004371,0.002755,0.002178,0.000729,0.001236
424.000000,0.001127,0.001922,0.001296,0.000482,-0.010556
425.000000,-0.002636,0.000000,0.000732,0.000000,-0.011931
426.000000,-0.002773,-0.000506,-0.000127,0.000148,-0.004432
427.000000,-0.011978,-0.003927,-0.001456,-0.000435,-0.034208
428.000000,-0.015135,-0.005382,-0.001896,-0.000963,-0.014551
429.000000,-0.012094,-0.005483,-0.002679,-0.001194,0.004653
430.000000,-0.008913,-0.005775,-0.002543,-0.000719,0.003971
431.000000,-0.007895,-0.005334,-0.002667,-0.000697,0.000660
432.000000,-0.001847,-0.006913,-0.002677,-0.000851,-0.003968
433.000000,-0.000667,-0.007901,-0.002573,-0.001182,-0.008652
434.000000,-0.002805,-0.007449,-0.002763,-0.001619,-0.006034
435.000000,-0.004543,-0.006728,-0.003364,-0.001755,-0.004719
436.000000,-0.006576,-0.007235,-0.003871,-0.002496,-0.009504
437.000000,-0.003206,-0.002527,-0.003227,-0.001813,0.012877
438.000000,-0.001207,-0.000937,-0.003160,-0.001576,0.001346
439.000000,-0.002300,-0.002552,-0.004018,-0.002637,-0.011498
440.000000,-0.000948,-0.002745,-0.004260,-0.002611,0.002039
441.000000,0.001224,-0.002676,-0.004005,-0.002670,0.001357
442.000000,0.000404,-0.001401,-0.004157,-0.002252,0.008775
443.000000,0.000671,-0.000268,-0.004085,-0.001805,0.002685
444.000000,0.001085,-0.000607,-0.004028,-0.002045,-0.009428
445.000000,0.004962,0.002007,-0.002361,-0.001574,0.021420
446.000000,0.002158,0.001691,-0.002772,-0.002017,-0.012663
447.000000,0.000134,0.000269,-0.001129,-0.002062,-0.001342
448.000000,0.000535,0.000603,-0.000167,-0.001905,0.004690
449.000000,0.004549,0.002817,0.000132,-0.001740,0.010638
450.000000,0.001189,0.003075,0.000165,-0.001815,0.004619
451.000000,0.004247,0.003202,0.000263,-0.001602,0.002630
452.000000,0.002403,0.001269,-0.000066,-0.002348,-0.010561
453.000000,0.005927,0.003231,0.001482,-0.001646,0.022311
454.000000,0.005608,0.005079,0.002236,-0.000993,0.009044
455.000000,0.004813,0.003001,0.002504,-0.000573,0.000643
456.000000,0.006015,0.005131,0.003411,-0.000138,0.008639
457.000000,0.007361,0.004882,0.002576,0.000875,-0.003830
458.000000,0.004745,0.005336,0.002970,0.001668,0.009231
459.000000,0.006330,0.005969,0.004393,0.002078,0.016966
460.000000,0.006076,0.005445,0.004260,0.001925,-0.000623
461.000000,0.004099,0.005057,0.004130,0.001861,-0.001248
462.000000,0.008821,0.008091,0.004680,0.002653,0.019778
463.000000,0.010973,0.007859,0.005545,0.003608,0.019995
464.000000,0.004923,0.005626,0.005353,0.003366,-0.013285
465.000000,0.004439,0.005258,0.004129,0.003422,-0.003044
466.000000,0.002111,0.003105,0.004118,0.003309,-0.012888
467.000000,-0.001474,0.003673,0.004278,0.002942,0.001851
468.000000,-0.002050,0.004462,0.004899,0.003467,0.017115
469.000000,0.000728,0.002826,0.004397,0.003871,0.000606
470.000000,0.000000,0.002220,0.003832,0.003580,-0.006685
471.000000,0.002089,0.002100,0.003579,0.003453,-0.002442
472.000000,0.000246,-0.000614,0.003739,0.002915,-0.007362
473.000000,-0.003670,-0.002860,0.002500,0.002744,-0.002466
474.000000,-0.002683,-0.000977,0.002325,0.003243,0.005540
475.000000,-0.003196,-0.001598,0.001830,0.002220,-0.009251
476.000000,-0.001842,0.000123,0.001614,0.002787,0.004328
477.000000,-0.000493,-0.000123,0.001775,0.002811,-0.000617
478.000000,0.002332,-0.000669,0.001896,0.003043,0.011660
479.000000,0.001346,-0.000668,0.001079,0.002709,0.000610
480.000000,0.005379,0.001092,0.001656,0.002919,0.010916
481.000000,0.003061,0.000609,0.001355,0.002589,-0.007264
482.000000,0.001843,0.000675,0.000031,0.002717,-0.006705
483.000000,0.003987,0.003159,0.000150,0.002720,0.022378
484.000000,0.002062,0.001704,0.000363,0.002118,-0.009012
485.000000,0.000241,0.002810,0.000606,0.002157,0.001809
486.000000,0.001211,0.002136,0.001130,0.001788,-0.002413
487.000000,0.002069,0.001956,0.000916,0.001835,-0.002418
488.000000,0.000359,0.002173,0.000752,0.001988,0.013826
489.000000,0.001323,0.001693,0.000512,0.001283,-0.004188
490.000000,-0.000966,-0.000363,0.000365,0.000983,-0.009639
491.000000,-0.002920,-0.000854,-0.000122,0.000618,-0.012180
492.000000,-0.006897,-0.002414,-0.000870,-0.000784,-0.022306
493.000000,-0.010542,-0.005092,-0.000966,-0.001597,-0.004396
494.000000,-0.000841,0.000241,0.000973,0.000323,0.044315
495.000000,0.002944,0.000989,0.001900,0.000734,0.009288
496.000000,0.004484,0.000782,0.001459,0.001014,-0.004484
497.000000,0.011327,0.002215,0.002086,0.001349,0.011912
498.000000,0.012206,0.000832,0.001503,0.000779,0.000000
499.000000,0.003639,0.001399,0.001546,0.000808,0.001479
500.000000,0.002960,0.002952,0.001295,0.001227,0.005895
501.000000,0.005204,0.004844,0.001995,0.001533,0.006736
502.000000,0.002705,0.007016,0.002301,0.001759,-0.000584
503.000000,-0.001188,0.005509,0.000209,0.001192,-0.019464
504.000000,0.000767,0.002203,0.001222,0.001383,0.011253
505.000000,-0.001593,0.000684,0.000836,0.001494,-0.005907
506.000000,-0.003177,0.001013,0.000898,0.001311,-0.001186
507.000000,0.002669,0.002687,0.002451,0.002286,0.028649
508.000000,0.007137,0.002975,0.001904,0.001993,0.002878
509.000000,0.005690,0.003228,0.002314,0.002107,0.004015
510.000000,0.007671,0.003039,0.002996,0.001876,0.003999
511.000000,0.008250,0.002536,0.003690,0.002175,0.001709
512.000000,0.002406,0.002538,0.004777,0.002380,-0.000569
513.000000,0.001831,0.004484,0.004997,0.001634,0.000000
514.000000,0.002955,0.004322,0.003263,0.002255,0.009635
515.000000,0.001137,0.004404,0.002544,0.002026,-0.005089
516.000000,0.001813,0.005031,0.003022,0.002276,0.005089
517.000000,0.006720,0.004563,0.003625,0.003155,0.023963
518.000000,0.004838,0.003335,0.003155,0.002381,-0.009405
519.000000,0.004352,0.003653,0.003441,0.002760,0.007200
520.000000,0.005149,0.003143,0.003091,0.003045,-0.001104
521.000000,0.002411,0.002112,0.002324,0.003164,-0.008600
522.000000,-0.000110,0.003305,0.002921,0.004286,0.011359
523.000000,-0.003590,0.000624,0.002554,0.003539,-0.026802
524.000000,-0.005030,-0.000339,0.001992,0.002062,0.000000
525.000000,-0.000886,0.002131,0.003268,0.002406,0.019614
526.000000,0.000278,0.001345,0.003188,0.002463,-0.002779
527.000000,-0.001549,-0.000829,0.001867,0.002140,0.002223
528.000000,-0.001705,-0.002647,0.000344,0.001221,-0.027584
529.000000,-0.004117,-0.004573,-0.000460,0.000769,-0.012059
530.000000,-0.008271,-0.004578,-0.000718,0.000534,-0.001156
531.000000,-0.009341,-0.004531,-0.001210,0.000039,-0.008130
532.000000,-0.007467,-0.004508,-0.000602,0.000445,0.011594
533.000000,-0.002874,-0.002290,-0.000833,0.000940,-0.004622
534.000000,-0.001391,-0.002754,-0.001547,0.000410,-0.004643
535.000000,0.001268,-0.003501,-0.000685,0.001011,0.012142
536.000000,-0.002346,-0.005844,-0.002250,0.000177,-0.026202
537.000000,-0.004901,-0.006184,-0.003507,-0.000817,-0.001181
538.000000,-0.001628,-0.002251,-0.002449,-0.000521,0.011744
539.000000,-0.001812,-0.001601,-0.003087,-0.000841,-0.005561
540.000000,-0.004887,-0.001809,-0.003194,-0.001082,-0.003234
541.000000,-0.002972,-0.002659,-0.003595,-0.001693,-0.016627
542.000000,-0.002138,-0.003519,-0.004014,-0.001574,0.002990
543.000000,0.000000,-0.000814,-0.001552,-0.000826,0.022433
544.000000,0.002160,0.000174,-0.001290,-0.000973,0.005240
545.000000,0.003734,-0.000576,-0.002039,-0.000649,0.004635
546.000000,0.009015,0.003022,-0.001411,-0.000492,0.009779
547.000000,0.001309,-0.000414,-0.003299,-0.002476,-0.035541
548.000000,-0.001288,-0.000644,-0.001448,-0.001848,0.009445
549.000000,-0.003043,-0.000441,-0.001021,-0.002205,-0.003531
550.000000,-0.001625,0.001054,-0.000377,-0.001778,0.011723
551.000000,-0.001148,0.003934,0.000637,-0.001086,0.012163
552.000000,0.006535,0.003922,0.000201,-0.001368,0.002874
553.000000,0.007156,0.002934,0.001060,-0.000057,0.012550
554.000000,0.009331,0.003144,0.001659,0.000188,0.007343
555.000000,0.010445,0.004410,0.001917,0.000111,0.017295
556.000000,0.007569,0.003211,0.003116,0.000130,-0.002215
557.000000,0.012570,0.009553,0.004569,0.000985,0.027878
558.000000,0.010706,0.008931,0.004143,0.002012,0.003229
559.000000,0.008592,0.008961,0.004260,0.002306,-0.003229
560.000000,0.001103,0.005774,0.003414,0.001673,-0.020148
561.000000,-0.000055,0.003757,0.003845,0.001677,-0.008008
562.000000,-0.005687,0.003442,0.003682,0.001281,-0.000277
563.000000,-0.003250,0.003728,0.003331,0.001949,0.015410
564.000000,-0.002714,0.002939,0.003041,0.002086,-0.000546
565.000000,-0.000551,0.000276,0.002343,0.001370,-0.009333
566.000000,0.001931,0.000938,0.002074,0.002390,0.004403
567.000000,0.004389,-0.000649,0.004452,0.002830,0.012009
568.000000,-0.002418,-0.002834,0.003049,0.001818,-0.018620
569.000000,-0.001646,-0.002180,0.003391,0.002113,0.003311
570.000000,-0.004462,-0.002506,0.001634,0.001441,-0.023412
571.000000,-0.005568,-0.001818,0.000969,0.001957,-0.001129
572.000000,-0.008989,-0.002300,0.000571,0.001688,-0.005095
573.000000,-0.005038,-0.003728,0.000000,0.000978,0.001134
574.000000,-0.007523,-0.004584,-0.000823,0.000500,-0.009112
575.000000,-0.001927,-0.003194,-0.001459,0.000497,0.004566
576.000000,-0.003073,-0.004320,-0.001691,-0.000057,-0.006857
577.000000,-0.001024,-0.005007,-0.002828,0.001299,0.005147
578.000000,-0.001479,-0.003259,-0.003046,0.000946,-0.001142
579.000000,0.002049,-0.002737,-0.002458,0.001348,0.008530
580.000000,0.000512,-0.000708,-0.001607,0.000853,-0.003119
581.000000,0.003073,0.000000,-0.000909,0.000646,0.005946
582.000000,0.002494,0.000735,-0.000783,0.000626,0.002256
583.000000,0.002835,0.000678,-0.001525,0.000226,0.000563
584.000000,-0.003427,-0.000689,-0.002637,-0.000778,-0.022780
585.000000,-0.009599,-0.004544,-0.003869,-0.002487,-0.033981
586.000000,-0.009245,-0.003086,-0.003703,-0.002156,0.007717
587.000000,-0.010882,-0.004194,-0.004600,-0.003283,-0.005931
588.000000,-0.015933,-0.006549,-0.004904,-0.004214,-0.024693
589.000000,-0.013461,-0.008444,-0.005590,-0.004454,-0.010420
590.000000,-0.005559,-0.007579,-0.004143,-0.003598,0.005530
591.000000,-0.006980,-0.008113,-0.004056,-0.003310,0.000613
592.000000,-0.007887,-0.009385,-0.004325,-0.003650,-0.010465
593.000000,-0.001469,-0.008701,-0.004012,-0.003917,0.007398
594.000000,-0.001733,-0.007597,-0.004143,-0.004290,-0.011739
595.000000,0.001222,-0.002169,-0.003356,-0.003302,0.020302
596.000000,0.002676,-0.002152,-0.002619,-0.003186,0.007886
597.000000,0.004164,-0.001861,-0.003028,-0.003687,-0.003026
598.000000,0.002563,0.000547,-0.003001,-0.003087,-0.000606
599.000000,0.005758,0.002013,-0.003216,-0.003056,0.004236
600.000000,0.002542,0.001882,-0.002849,-0.002135,0.004218
601.000000,0.002044,0.002360,-0.002876,-0.001917,0.005397
602.000000,0.000605,0.002385,-0.003500,-0.002088,-0.010220
603.000000,0.001811,0.002187,-0.003257,-0.001945,0.005423
604.000000,0.000362,0.003060,-0.002268,-0.001742,-0.003009
605.000000,-0.003641,-0.000550,-0.001359,-0.002421,-0.015796
606.000000,-0.002165,-0.000060,-0.001106,-0.001766,0.012778
607.000000,-0.001699,-0.000547,-0.001204,-0.002201,-0.007891
608.000000,-0.005607,-0.001898,-0.000675,-0.002633,-0.014115
609.000000,-0.005624,-0.002631,-0.000309,-0.003021,-0.003095
610.000000,-0.003708,-0.003675,-0.000896,-0.003124,-0.006219
611.000000,-0.006514,-0.004339,-0.000990,-0.003364,-0.001248
612.000000,-0.006189,-0.003944,-0.000780,-0.003648,-0.006266
613.000000,-0.001988,-0.003797,-0.000805,-0.003437,0.006890
614.000000,-0.000994,-0.003309,-0.000124,-0.002615,0.001871
615.000000,-0.002258,-0.002983,-0.001767,-0.001901,-0.012539
616.000000,-0.003529,-0.005021,-0.002541,-0.002411,-0.007600
617.000000,0.000000,-0.003094,-0.001821,-0.001834,0.011378
618.000000,-0.000250,-0.001119,-0.001508,-0.000823,0.005641
619.000000,0.003336,0.001171,-0.000730,0.000184,0.019803
620.000000,0.007066,0.002404,-0.000635,0.000204,0.006109
621.000000,0.008220,0.002346,-0.000997,0.000122,-0.001829
622.000000,0.001128,0.000564,-0.001690,-0.000332,-0.024083
623.000000,-0.001632,-0.000941,-0.002369,-0.000850,-0.008158
624.000000,-0.006730,-0.001697,-0.002503,-0.000648,-0.005687
625.000000,-0.006562,0.000252,-0.001366,-0.001094,0.006947
626.000000,-0.010137,-0.000958,-0.002990,-0.002013,-0.019702
627.000000,-0.004807,-0.001840,-0.002467,-0.001827,0.002564
628.000000,-0.000126,-0.000879,-0.000999,-0.001298,0.015248
629.000000,0.000506,-0.003112,-0.000970,-0.001524,-0.002525
630.000000,0.001130,-0.002716,-0.000156,-0.001329,0.010063
631.000000,0.007186,-0.001475,0.000435,-0.001156,0.010582
632.000000,0.006488,0.000840,0.000702,-0.000847,-0.000929
633.000000,0.002880,0.001377,0.000218,-0.001120,-0.002793
634.000000,0.007567,0.004037,0.001170,-0.000323,0.020911
635.000000,0.005432,0.003281,0.001767,0.000183,-0.000609
636.000000,0.003803,0.005495,0.002268,-0.000162,0.002433
637.000000,0.004716,0.005602,0.001881,0.000223,0.003639
638.000000,0.008159,0.005519,0.002320,0.001174,0.014423
639.000000,0.003380,0.005473,0.001181,0.001178,-0.002988
640.000000,0.003980,0.004706,0.000995,0.001465,0.002391
641.000000,0.003851,0.003827,0.001176,0.001566,0.001789
642.000000,0.004430,0.004573,0.002707,0.001992,0.006534
643.000000,-0.001557,0.003301,0.002339,0.001246,-0.015513
644.000000,-0.000060,0.001660,0.002848,0.001333,0.004500
645.000000,-0.001318,0.001331,0.002306,0.001621,-0.003899
646.000000,-0.001435,0.001208,0.003351,0.001915,0.001201
647.000000,-0.000712,0.001859,0.003731,0.001874,0.010152
648.000000,0.003576,0.001009,0.003264,0.001883,0.005924
649.000000,0.005258,0.002599,0.004036,0.001654,0.012911
650.000000,0.007316,0.002999,0.003853,0.001663,0.006394
651.000000,0.005330,0.001948,0.002887,0.001433,-0.008729
652.000000,0.000830,0.000059,0.002316,0.001824,-0.012349
653.000000,-0.002138,0.000719,0.002010,0.001799,-0.008915
654.000000,-0.004005,0.000627,0.001143,0.002108,0.003576
655.000000,-0.007798,-0.000241,0.000545,0.001457,-0.012571
656.000000,-0.003538,0.000896,0.001052,0.002533,0.012571
657.000000,-0.001187,-0.000178,0.000840,0.002428,-0.000595
658.000000,0.002728,0.000295,0.000652,0.002275,0.010657
659.000000,0.003771,-0.000117,0.001241,0.002652,0.008795
660.000000,0.007566,-0.000116,0.001442,0.002530,0.006401
661.000000,0.005747,0.001104,0.001526,0.002293,0.003474
662.000000,0.005287,0.002050,0.001055,0.002227,-0.002894
663.000000,0.000940,0.001834,0.001276,0.001951,-0.011076
664.000000,-0.002231,0.000770,0.000698,0.001019,-0.007059
665.000000,-0.011705,-0.002069,-0.001155,-0.000326,-0.040970
666.000000,-0.018773,-0.006513,-0.002809,-0.001470,-0.031868
667.000000,-0.014296,-0.004505,-0.002342,-0.000941,0.019491
668.000000,-0.007404,-0.003232,-0.001468,-0.000643,0.023386
669.000000,-0.005992,-0.004111,-0.002114,-0.000543,0.000000
670.000000,-0.004101,-0.007903,-0.004009,-0.001673,-0.031513
671.000000,-0.004105,-0.011439,-0.005167,-0.002796,-0.031890
672.000000,-0.004662,-0.009479,-0.003715,-0.002457,0.016710
673.000000,-0.006805,-0.007105,-0.002635,-0.001517,0.012666
674.000000,-0.011131,-0.008562,-0.003896,-0.002388,-0.021629
675.000000,0.001002,-0.001549,-0.001809,-0.001287,0.029153
676.000000,0.004613,0.000254,-0.003130,-0.001788,-0.013837
677.000000,0.002659,-0.001001,-0.002753,-0.001895,0.006942
678.000000,0.001505,-0.002650,-0.002941,-0.001862,0.006894
679.000000,0.005706,-0.002713,-0.003412,-0.002314,-0.000625
680.000000,0.001865,0.001433,-0.003235,-0.002195,0.009950
681.000000,0.008554,0.006583,-0.002428,-0.001251,0.019608
682.000000,0.010177,0.006418,-0.001530,-0.000337,0.015056
683.000000,0.010583,0.006044,-0.000530,0.000258,0.008926
684.000000,0.012712,0.009209,0.000324,0.000473,0.010021
685.000000,0.007887,0.004876,0.001663,0.000419,-0.014176
686.000000,0.005033,0.006794,0.003524,0.000178,0.005340
687.000000,-0.000959,0.004609,0.001804,-0.000299,-0.014903
688.000000,-0.002264,0.004160,0.000755,-0.000574,0.002400
689.000000,-0.007652,0.002530,-0.000091,-0.001431,-0.016919
690.000000,-0.004087,0.001900,0.001667,-0.001523,0.003650
691.000000,-0.004306,0.000363,0.003473,-0.001497,0.004241
692.000000,-0.000361,-0.000660,0.002879,-0.001240,0.004825
693.000000,0.000000,-0.001132,0.002456,-0.000731,0.004203
694.000000,0.006711,-0.000470,0.004369,0.000059,0.016637
695.000000,0.005155,0.000534,0.002705,0.001287,-0.004133
696.000000,0.007593,0.001643,0.004218,0.002897,0.016432
697.000000,0.008597,0.004118,0.004364,0.002575,0.009847
698.000000,0.007641,0.003821,0.003990,0.001777,-0.000577
699.000000,0.006379,0.006545,0.004538,0.002121,0.010327
700.000000,0.005946,0.005550,0.003725,0.002961,-0.006298
701.000000,-0.000350,0.003622,0.001993,0.003523,-0.015047
702.000000,0.001264,0.004931,0.002135,0.003563,0.017914
703.000000,0.001837,0.004739,0.001804,0.003217,0.002288
704.000000,0.004068,0.005224,0.002377,0.004654,0.021482
705.000000,0.005439,0.005693,0.003113,0.003701,0.000559
706.000000,0.006990,0.003320,0.002482,0.003919,-0.007293
707.000000,0.006314,0.003789,0.003954,0.004172,0.014534
708.000000,0.005412,0.003624,0.003723,0.003868,-0.002222
709.000000,0.001338,0.002703,0.004624,0.003926,0.001112
710.000000,0.002996,0.004218,0.004884,0.003889,0.008850
711.000000,0.006100,0.006545,0.005083,0.003510,0.008226
712.000000,0.003193,0.004753,0.004842,0.003008,0.000000
713.000000,0.001662,0.003537,0.004138,0.002381,-0.009879
714.000000,0.003415,0.002376,0.003800,0.002377,0.009879
715.000000,0.000220,0.001608,0.003650,0.002612,-0.007125
716.000000,-0.001866,0.002117,0.002719,0.002360,-0.002203
717.000000,0.000000,0.001597,0.002693,0.003168,0.009328
718.000000,-0.002777,-0.000558,0.001533,0.002296,-0.023765
719.000000,-0.009507,-0.003046,-0.000172,0.002067,-0.023770
720.000000,-0.004562,-0.002171,0.001023,0.002532,0.017599
721.000000,-0.004234,-0.003050,0.001748,0.002372,-0.000563
722.000000,-0.007342,-0.003671,0.000541,0.002004,-0.006213
723.000000,-0.006364,-0.004571,-0.000517,0.001235,-0.018874
724.000000,0.000458,-0.004525,-0.001074,0.001025,0.010339
725.000000,-0.004438,-0.004500,-0.001446,0.000934,-0.006881
726.000000,-0.001016,-0.002625,-0.000254,0.000937,0.016548
727.000000,0.002701,-0.002321,-0.000362,0.001022,0.012374
728.000000,0.009031,0.001333,0.000388,0.001467,0.012774
729.000000,0.007844,0.004151,0.000552,0.001269,0.004405
730.000000,0.009769,0.002665,0.000247,0.001571,0.002743
731.000000,0.007443,0.003214,0.000082,0.002236,0.004919
732.000000,0.006489,0.004595,0.000462,0.001893,0.007605
733.000000,0.001868,0.005449,0.000439,0.001472,-0.010335
734.000000,0.003810,0.005827,0.000651,0.001226,0.014115
735.000000,-0.001319,0.004225,-0.000138,0.000444,-0.022902
736.000000,-0.005753,0.000845,-0.000890,0.000112,-0.017247
737.000000,-0.003494,0.001498,-0.000411,0.000258,0.018900
738.000000,-0.002089,-0.000110,0.000611,0.000222,-0.003309
739.000000,-0.005687,-0.000938,0.001606,0.000056,-0.003875
740.000000,-0.003113,-0.002216,0.000225,-0.000574,-0.010034
741.000000,-0.000112,-0.002932,0.000141,-0.000923,-0.002243
742.000000,-0.006151,-0.004822,-0.000113,-0.001299,-0.011293
743.000000,-0.006286,-0.004187,0.000631,-0.001103,-0.003983
744.000000,-0.001447,-0.003567,0.001130,-0.000755,0.020317
745.000000,0.003554,0.000220,0.002223,-0.000018,0.014971
746.000000,0.001789,0.000838,0.000842,-0.000314,-0.011068
747.000000,0.002707,-0.001722,-0.000112,-0.000848,-0.006700
748.000000,0.003728,-0.001279,-0.000695,-0.000019,0.001120
749.000000,-0.001458,-0.001453,-0.001195,0.000587,-0.005612
750.000000,-0.002659,0.000447,-0.000884,0.000299,0.008964
751.000000,-0.000446,0.000672,-0.001130,0.000318,0.000000
752.000000,0.001896,0.002302,-0.001260,0.000692,0.005007
753.000000,0.004099,0.003913,-0.000137,0.001725,0.012135
754.000000,0.003680,0.001111,-0.001228,0.001124,-0.007705
755.000000,-0.000335,-0.001497,-0.000638,0.000983,-0.011111
756.000000,-0.005084,-0.002765,-0.000963,-0.000360,-0.023743
757.000000,-0.001560,0.000168,-0.000777,-0.000019,0.022625
758.000000,-0.002871,0.000614,-0.000333,-0.000259,0.005577
759.000000,-0.006172,-0.001246,-0.001349,-0.001212,-0.024206
760.000000,-0.006242,-0.003288,-0.001421,-0.001686,-0.011461
761.000000,0.003178,-0.000953,-0.000141,-0.001071,0.023356
762.000000,-0.001572,-0.001566,0.000368,-0.001362,-0.001127
763.000000,-0.004955,-0.003913,0.000000,-0.001396,-0.011338
764.000000,0.000114,-0.003029,-0.000959,-0.001828,0.001140
765.000000,0.003315,-0.001463,-0.001480,-0.000913,0.004545
766.000000,-0.001469,0.000854,-0.000955,-0.000357,-0.000567
767.000000,-0.003296,-0.002434,-0.001133,-0.001329,-0.010262
768.000000,0.000683,-0.002136,-0.000761,-0.000934,0.008559
769.000000,0.005504,0.002809,0.000782,0.000037,0.025247
770.000000,0.002479,0.002897,-0.000196,0.000019,-0.010582
771.000000,0.006584,0.002557,0.000802,0.000759,0.019956
772.000000,0.005873,0.001288,-0.000139,0.000675,-0.013816
773.000000,0.003492,0.002088,-0.000913,0.000696,-0.003344
774.000000,0.004817,0.005161,0.001066,0.001081,0.031871
775.000000,0.009192,0.005835,0.002186,0.000958,0.011293
776.000000,0.004236,0.005410,0.003132,0.001167,-0.004824
777.000000,0.007964,0.006918,0.002242,0.001551,0.004824
778.000000,0.008312,0.005902,0.001883,0.001460,-0.001606
779.000000,-0.000325,0.002246,0.002528,0.001270,-0.011312
780.000000,-0.004872,0.002160,0.002529,0.000590,-0.011441
781.000000,-0.004455,-0.000110,0.001224,0.000498,-0.002743
782.000000,-0.006412,0.000776,0.001032,0.000166,-0.004957
783.000000,-0.007198,0.000557,0.001322,-0.000423,-0.005537
784.000000,-0.004049,-0.002187,0.001487,-0.000018,0.004432
785.000000,-0.000549,-0.002710,0.001563,0.000554,0.006062
786.000000,-0.000771,-0.002613,0.001398,0.001217,-0.003854
787.000000,0.003069,-0.001672,0.002623,0.000937,0.014239
788.000000,0.005044,-0.001077,0.002412,0.000896,0.004341
789.000000,0.004806,0.000378,0.001312,0.001811,0.003243
790.000000,0.003378,0.001415,0.001787,0.002157,-0.001080
791.000000,0.004041,0.001635,0.000763,0.001361,-0.000540
792.000000,0.008204,0.005636,0.003206,0.002567,0.035054
793.000000,0.001940,0.003492,0.002024,0.002045,-0.026979
794.000000,-0.001626,0.001590,-0.000298,0.001521,-0.014583
795.000000,0.005541,0.004460,0.000875,0.002528,0.034754
796.000000,0.007948,0.005994,0.001691,0.002930,0.011494
797.000000,-0.002099,0.003052,0.000690,0.002766,-0.015180
798.000000,0.002875,0.002407,0.000665,0.002411,-0.002112
799.000000,0.007580,0.002977,0.001678,0.001867,0.008945
800.000000,-0.001265,0.002138,0.001776,0.001904,-0.009474
801.000000,-0.001879,0.003035,0.002335,0.001520,0.008426
802.000000,-0.000106,-0.001102,0.002267,0.001770,-0.006312
803.000000,0.003354,0.003115,0.003303,0.002388,0.015188
804.000000,-0.001367,0.003107,0.002349,0.000837,-0.014660
805.000000,0.001055,-0.000105,0.002177,0.000548,0.002634
806.000000,0.001359,-0.000260,0.002867,0.001040,0.009945
807.000000,0.004797,0.002346,0.002699,0.001242,0.010878
808.000000,-0.001775,0.000790,0.001598,0.000707,-0.017672
809.000000,-0.000317,-0.000842,0.001068,0.000838,-0.007368
810.000000,0.000735,0.000895,0.001516,0.001483,0.007893
811.000000,-0.002305,-0.000473,0.001281,0.001399,-0.005255
812.000000,-0.003430,0.000684,-0.000209,0.001739,0.005255
813.000000,0.002708,0.000467,0.001791,0.002358,0.013018
814.000000,0.010496,0.005090,0.004098,0.003262,0.031571
815.000000,0.010416,0.005575,0.002735,0.003310,0.007491
816.000000,0.011666,0.004680,0.002210,0.003472,0.000995
817.000000,0.010615,0.003593,0.002969,0.002997,0.000000
818.000000,0.008210,0.005459,0.003124,0.002885,0.000994
819.000000,-0.001610,0.004443,0.001801,0.002193,-0.017531
820.000000,-0.004732,0.002842,0.001868,0.001958,-0.008118
821.000000,-0.005543,0.003061,0.001294,0.001874,-0.003061
822.000000,-0.003712,0.003451,0.002067,0.001011,0.009156
823.000000,-0.004316,0.001947,0.001207,0.001843,-0.002027
824.000000,-0.001115,-0.001363,0.001864,0.002278,-0.001523
825.000000,-0.000306,-0.002519,0.001528,0.000984,-0.004073
826.000000,-0.001230,-0.003387,0.000647,0.000345,-0.007682
827.000000,-0.001219,-0.002466,0.000564,0.001158,0.009212
828.000000,-0.000915,-0.002616,0.001422,0.001211,-0.000510
829.000000,-0.000713,-0.000914,0.001765,0.000896,-0.000510
830.000000,-0.002981,-0.001644,0.000599,0.000698,-0.015417
831.000000,-0.005526,-0.003378,-0.000158,-0.000263,-0.020404
832.000000,-0.005684,-0.003451,0.000000,0.000228,0.008421
833.000000,-0.002255,-0.001585,0.000181,0.000276,0.016632
834.000000,-0.000511,-0.000612,-0.000987,0.001039,0.008214
835.000000,0.002981,0.000000,-0.001260,0.001019,0.002043
836.000000,0.009899,0.002187,-0.000600,0.001160,0.014185
837.000000,0.006091,0.000204,-0.001131,0.000444,-0.010620
838.000000,0.007487,0.002616,0.000000,0.001820,0.023613
839.000000,0.004948,0.002219,0.000653,0.001916,-0.004479
840.000000,0.007412,0.005197,0.001777,0.002132,0.014360
841.000000,0.004870,0.007384,0.002003,0.002356,0.001474
842.000000,0.010111,0.008101,0.002325,0.002700,0.015587
843.000000,0.007695,0.007591,0.003003,0.002651,0.011533
844.000000,0.008208,0.006578,0.002983,0.001535,-0.001913
845.000000,0.001176,0.004294,0.002147,0.000592,-0.020799
846.000000,0.002827,0.003849,0.003018,0.000883,0.009728
847.000000,-0.000484,0.004814,0.002509,0.000851,-0.000969
848.000000,-0.001920,0.002887,0.002752,0.000962,0.004351
849.000000,-0.007114,0.000547,0.001383,0.000617,-0.027881
850.000000,-0.005852,-0.002338,0.001429,0.000405,-0.014489
851.000000,-0.008959,-0.003066,0.002159,0.000314,-0.005804
852.000000,-0.005800,-0.003142,0.002479,0.000503,0.014823
853.000000,-0.007570,-0.004745,0.001423,0.000420,-0.004499
854.000000,-0.001394,-0.004254,0.001162,0.000571,0.003002
855.000000,0.002003,-0.001925,0.001185,0.000790,0.002494
856.000000,0.003662,-0.002649,0.000600,0.001129,0.002488
857.000000,0.001491,-0.002155,0.001329,0.000954,0.003968
858.000000,0.002588,-0.002491,0.000198,0.001004,0.000990
859.000000,0.002285,0.000445,0.000496,0.001071,0.001483
860.000000,0.002967,0.002485,0.000074,0.001781,0.005908
861.000000,0.003254,0.003458,0.000196,0.002592,0.003920
862.000000,0.001970,0.001731,-0.000706,0.002230,-0.002448
863.000000,0.003043,0.002816,-0.000965,0.001887,0.006352
864.000000,0.005360,0.003822,-0.000216,0.002049,0.013066
865.000000,0.004658,0.003813,0.000944,0.002061,0.002401
866.000000,0.003874,0.003564,0.000458,0.001588,0.000000
867.000000,0.002533,0.002252,0.000048,0.001637,-0.009154
868.000000,0.000000,0.001522,-0.000485,0.000639,-0.006312
869.000000,-0.002516,0.001422,0.000934,0.000805,0.000487
870.000000,-0.002413,0.001123,0.001804,0.000423,0.002917
871.000000,-0.003483,0.000195,0.001827,0.000196,-0.005354
872.000000,-0.001165,0.000684,0.001207,-0.000243,0.002437
873.000000,0.001166,0.000583,0.001699,-0.000449,0.005341
874.000000,0.000292,-0.001112,0.001355,-0.000515,-0.003882
875.000000,0.001355,-0.000529,0.001642,0.000453,0.008230
876.000000,0.001749,-0.000867,0.001348,0.000016,-0.003381
877.000000,0.001068,-0.000048,0.001102,0.000016,-0.000968
878.000000,0.007602,0.004384,0.002953,0.001138,0.038009
879.000000,0.011523,0.005908,0.003665,0.002592,0.015727
880.000000,0.008773,0.005064,0.003093,0.002891,-0.005522
881.000000,0.011195,0.006472,0.003334,0.003375,0.008730
882.000000,0.013482,0.007275,0.003980,0.003230,0.010467
883.000000,0.005336,0.006469,0.003526,0.003289,-0.002720
884.000000,0.002825,0.007174,0.003031,0.003295,0.003172
885.000000,0.005013,0.006893,0.003182,0.003392,0.005415
886.000000,0.006481,0.008838,0.003986,0.003845,0.016072
887.000000,0.001892,0.007687,0.003819,0.003297,-0.012478
888.000000,0.006168,0.005752,0.005068,0.003886,0.018659
889.000000,0.003499,0.003162,0.004535,0.003497,-0.010175
890.000000,0.002505,0.003759,0.004411,0.003315,0.000445
891.000000,-0.000443,0.003019,0.004746,0.003229,0.001332
892.000000,0.002318,0.002105,0.004690,0.003355,0.001331
893.000000,-0.001591,0.002289,0.004379,0.003113,-0.000887
894.000000,0.001329,0.002414,0.004794,0.002826,0.004427
895.000000,0.001594,0.002049,0.004471,0.002804,0.001765
896.000000,0.001768,0.000662,0.004750,0.002878,0.002202
897.000000,-0.000978,0.000670,0.004179,0.002770,-0.012395
898.000000,-0.001604,-0.001597,0.002077,0.002846,-0.004017
899.000000,0.000000,0.000665,0.001913,0.003245,0.012445
900.000000,0.001318,0.001456,0.002607,0.003426,0.008357
901.000000,0.002622,0.002195,0.002607,0.003895,0.008722
902.000000,0.001243,0.000133,0.001119,0.003171,-0.019290
903.000000,0.000892,-0.000356,0.000967,0.002801,-0.005771
904.000000,-0.002221,-0.001110,0.000652,0.002826,-0.003122
905.000000,-0.004608,-0.001645,0.000202,0.002432,-0.003579
906.000000,-0.007251,-0.002314,-0.000826,0.002395,-0.004492
907.000000,-0.002584,-0.000670,0.000000,0.002562,0.004044
908.000000,-0.001071,-0.000089,-0.000843,0.001355,0.001792
909.000000,-0.003878,-0.003050,-0.001192,0.000259,-0.017156
910.000000,-0.003071,-0.003840,-0.001192,0.000458,0.000455
911.000000,-0.002903,-0.005077,-0.001441,0.000046,-0.003648
912.000000,-0.004352,-0.003468,-0.001668,-0.000410,-0.003203
913.000000,-0.003522,-0.002297,-0.001326,-0.000121,0.005940
914.000000,-0.000639,-0.002258,-0.001684,-0.000318,-0.002737
915.000000,-0.001921,-0.002496,-0.002071,-0.000697,-0.005956
916.000000,0.001728,-0.000587,-0.001451,-0.000746,0.014599
917.000000,0.003002,-0.000675,-0.000673,-0.000225,0.003165
918.000000,0.001543,-0.000990,-0.000540,-0.000892,-0.001355
919.000000,0.004159,0.001760,-0.000645,-0.000208,0.010344
920.000000,0.003463,0.000771,-0.001534,-0.000538,-0.009440
921.000000,0.002699,0.002214,-0.001432,-0.000223,0.010782
922.000000,0.001708,0.002355,-0.000556,-0.000327,-0.001789
923.000000,0.001711,0.001627,-0.000335,-0.000342,-0.001344
924.000000,-0.001257,0.001451,-0.000404,-0.000639,-0.004492
925.000000,0.004113,0.003788,0.000646,-0.000118,0.017407
926.000000,0.002928,0.002813,0.001113,-0.000029,0.004855
927.000000,0.005562,0.003635,0.001480,0.000763,0.011384
928.000000,0.003818,0.002764,0.000887,0.000562,-0.010064
929.000000,-0.003177,-0.002217,-0.000228,-0.001169,-0.039467
930.000000,-0.006201,-0.001044,-0.000137,-0.001371,0.002285
931.000000,-0.014233,-0.005653,-0.001720,-0.002839,-0.035303
932.000000,-0.016038,-0.005238,-0.001441,-0.002117,0.002361
933.000000,-0.013554,-0.004868,-0.001621,-0.001846,0.002356
934.000000,-0.003694,-0.003435,-0.000992,-0.001414,0.009834
935.000000,-0.001834,-0.004018,-0.000115,-0.000909,0.011582
936.000000,0.004950,-0.004642,-0.000914,-0.000805,-0.001383
937.000000,0.006588,-0.004725,-0.000545,-0.000588,0.010553
938.000000,0.009646,-0.001954,0.000405,-0.000060,0.017644
939.000000,0.009109,0.002708,0.000245,0.000750,0.007149
940.000000,0.007592,0.002879,0.000917,0.000869,0.003999
941.000000,0.004650,0.004800,-0.000426,0.000454,-0.016093
942.000000,0.004334,0.005461,0.000112,0.000860,0.008973
943.000000,-0.001531,0.004058,-0.000405,0.000272,-0.011680
944.000000,-0.004503,0.002303,-0.000566,0.000106,-0.007712
945.000000,-0.009536,-0.000972,-0.002495,-0.000401,-0.021170
946.000000,-0.010738,-0.003044,-0.003843,-0.001624,-0.022103
947.000000,-0.017248,-0.006457,-0.005591,-0.002515,-0.023576
948.000000,-0.015302,-0.008416,-0.005185,-0.002535,-0.001949
949.000000,-0.013272,-0.008888,-0.003090,-0.002799,0.002436
950.000000,-0.007198,-0.008367,-0.002744,-0.002177,0.009203
951.000000,-0.004521,-0.007629,-0.001415,-0.002827,-0.008717
952.000000,0.003379,-0.006934,-0.000737,-0.002237,0.015923
953.000000,0.006621,-0.004340,-0.000141,-0.001717,0.014259
954.000000,0.004713,-0.004280,-0.000988,-0.001804,-0.007104
955.000000,0.003157,-0.002020,-0.001496,-0.002337,0.001425
956.000000,0.005469,0.000474,-0.001285,-0.002404,0.002844
957.000000,0.002379,0.002879,-0.001789,-0.002767,0.000473
958.000000,0.000000,0.003310,-0.002553,-0.002353,0.002362
959.000000,0.001986,0.003350,-0.002769,-0.000943,0.002828
960.000000,0.001983,0.002570,-0.002898,-0.000973,0.001411
961.000000,0.000000,0.002735,-0.002447,-0.000032,-0.007074
962.000000,-0.006246,-0.001933,-0.004434,-0.001135,-0.030757
963.000000,-0.014075,-0.007038,-0.005689,-0.002440,-0.036783
964.000000,-0.014539,-0.006277,-0.005278,-0.002751,0.000506
965.000000,-0.011310,-0.004663,-0.003342,-0.002552,0.017558
966.000000,-0.014829,-0.007414,-0.003470,-0.003328,-0.024668
967.000000,-0.013005,-0.009626,-0.003373,-0.004401,-0.021639
968.000000,-0.006693,-0.010384,-0.003537,-0.005163,-0.005222
969.000000,-0.006271,-0.010405,-0.003528,-0.005314,0.002614
970.000000,-0.005956,-0.008633,-0.003031,-0.004810,0.019137
971.000000,0.001422,-0.006703,-0.001984,-0.003866,0.012220
972.000000,0.002587,-0.005209,-0.003571,-0.004692,-0.015813
973.000000,-0.000210,-0.003451,-0.005244,-0.004943,-0.019206
974.000000,0.002594,-0.001839,-0.004058,-0.004132,0.016632
975.000000,0.002848,-0.001554,-0.003108,-0.002746,0.020409
976.000000,0.000505,0.000964,-0.003225,-0.001992,0.000505
977.000000,0.003466,0.003027,-0.003300,-0.001240,-0.001010
978.000000,0.007307,0.003549,-0.003418,-0.001175,0.000000
979.000000,0.005992,0.004293,-0.003056,-0.000921,0.010055
980.000000,0.001610,0.002229,-0.003202,-0.001278,-0.001502
981.000000,0.007724,0.004115,-0.001294,0.000049,0.031075
982.000000,0.008217,0.005841,0.000316,-0.000434,0.001456
983.000000,0.009088,0.008198,0.002373,-0.000764,0.004355
984.000000,0.008424,0.007208,0.002685,-0.000302,0.006737
985.000000,0.009682,0.005646,0.002046,-0.000190,0.004785
986.000000,0.000485,0.004104,0.002534,-0.000782,-0.014908
987.000000,-0.002931,0.002643,0.002835,-0.001319,-0.015625
988.000000,-0.000871,0.004108,0.003829,-0.000909,0.014656
989.000000,-0.001154,0.003635,0.003964,-0.000826,0.005320
990.000000,-0.001437,0.004122,0.003176,-0.000760,0.003371
991.000000,0.005354,0.002920,0.003517,0.000110,0.019048
992.000000,0.011103,0.004086,0.004964,0.001573,0.013121
993.000000,0.005831,0.002480,0.005339,0.002409,-0.011707
994.000000,0.003964,0.001405,0.004307,0.002258,-0.004012
995.000000,0.003148,0.000856,0.003251,0.001649,-0.000710
996.000000,-0.006715,-0.000681,0.001712,0.001463,-0.030269
997.000000,-0.012982,-0.000939,0.000852,0.001577,-0.018214
998.000000,-0.005928,-0.000049,0.002030,0.002536,0.023565
999.000000,-0.003194,0.000385,0.002010,0.002771,0.009657
1000.000000,-0.001425,0.000862,0.002492,0.002404,0.008136
1001.000000,0.001845,-0.002435,0.000242,0.001533,-0.013919
1002.000000,0.005198,-0.003892,0.000097,0.002012,-0.001451
1003.000000,0.000678,-0.002625,-0.000072,0.002684,0.000968
1004.000000,-0.001737,-0.002466,-0.000530,0.002049,-0.002421
1005.000000,-0.004142,-0.002783,-0.000964,0.001239,-0.003885
1006.000000,0.001828,0.001837,0.000578,0.001753,0.015931
1007.000000,0.004499,0.004848,0.001954,0.002184,0.011902
1008.000000,0.004305,0.002492,0.001222,0.002184,0.000000
1009.000000,0.007516,0.002889,0.001637,0.002303,0.013631
1010.000000,0.008013,0.001935,0.001399,0.002306,-0.001402
1011.000000,0.004639,0.003234,0.000399,0.001239,-0.000935
1012.000000,-0.001807,0.001346,-0.001273,0.000513,-0.020327
1013.000000,-0.003533,0.000386,-0.001119,0.000080,-0.008633
1014.000000,-0.007516,0.000000,-0.001233,-0.000354,-0.006282
1015.000000,-0.006075,0.000969,-0.000907,-0.000320,0.005800
1016.000000,-0.005985,-0.000673,0.000582,0.000161,-0.000482
1017.000000,0.000095,-0.000856,0.001996,0.001018,0.010074
1018.000000,0.002489,-0.000522,0.000985,0.000640,0.003336
1019.000000,0.000677,-0.003419,-0.000265,-0.000048,-0.015341
1020.000000,0.000770,-0.002653,-0.000359,0.000048,0.006261
1021.000000,0.003252,-0.001366,0.000934,-0.000189,0.011930
1022.000000,0.000095,0.000095,0.000721,-0.000817,-0.005709
1023.000000,-0.000572,0.000959,0.000672,-0.000427,0.000000
1024.000000,0.001923,0.001300,0.000650,-0.000388,-0.002867
1025.000000,-0.002415,-0.000823,0.000073,-0.000879,-0.015429
1026.000000,-0.003156,0.000048,-0.000312,0.000404,0.008227
1027.000000,0.002277,0.001186,0.000165,0.001726,0.021455
1028.000000,-0.002593,-0.001582,-0.001052,0.000129,-0.024351
1029.000000,-0.000287,0.000818,-0.001301,0.000096,0.008662
1030.000000,0.003945,0.000765,-0.000944,0.000016,0.005733
1031.000000,0.001632,-0.000762,-0.001064,0.000369,-0.003340
1032.000000,-0.003329,-0.000526,-0.000215,0.000305,-0.003352
1033.000000,0.002307,-0.000143,0.000408,0.000401,0.003830
1034.000000,0.002760,0.001236,0.001268,0.000846,0.010929
1035.000000,0.005080,0.004513,0.001845,0.001553,0.017335
1036.000000,0.005841,0.003737,0.001892,0.001037,0.000464
1037.000000,0.003424,0.000047,0.000617,0.000126,-0.015439
1038.000000,-0.000574,0.000866,-0.000358,-0.000413,-0.016160
1039.000000,-0.001042,0.000859,0.000838,-0.000581,0.008588
1040.000000,-0.005080,0.000000,0.000383,-0.000629,-0.002854
1041.000000,-0.002147,0.001847,0.000543,-0.000094,0.015130
1042.000000,0.000847,0.002135,0.000805,0.000568,-0.000469
1043.000000,0.011453,0.005439,0.002648,0.002085,0.036871
1044.000000,0.009192,0.004075,0.002655,0.002204,-0.002719
1045.000000,0.011659,0.003289,0.003901,0.002327,0.009483
1046.000000,0.006373,0.002113,0.002925,0.001966,-0.011300
1047.000000,0.004273,0.002560,0.001304,0.001264,-0.010969
1048.000000,-0.004114,0.003669,0.002268,0.000984,-0.005068
1049.000000,-0.006081,0.001556,0.001207,0.001077,-0.012550
1050.000000,-0.008727,0.001466,0.000733,0.000744,-0.003749
1051.000000,-0.007786,-0.000706,0.000570,0.000126,-0.006594
1052.000000,-0.009505,-0.002616,-0.000240,-0.000336,-0.019566
1053.000000,-0.012877,-0.008496,-0.001528,-0.001066,-0.021925
1054.000000,-0.009384,-0.007732,-0.001829,-0.000807,0.004914
1055.000000,-0.008145,-0.008436,-0.002573,-0.000211,0.002448
1056.000000,-0.006240,-0.007013,-0.002450,-0.000388,0.002930
1057.000000,0.002490,-0.003507,-0.000474,-0.000300,0.024086
1058.000000,0.006780,-0.003048,0.000310,0.000496,-0.000476
1059.000000,0.008164,-0.000610,0.000473,0.000601,0.011834
1060.000000,0.006731,-0.000707,0.000380,0.000253,-0.004717
1061.000000,0.004912,-0.000664,-0.000685,0.000159,-0.006166
1062.000000,-0.001913,0.000289,-0.001164,-0.000064,-0.010041
1063.000000,0.001140,0.003960,-0.002268,0.000301,0.014787
1064.000000,-0.001227,0.003469,-0.002132,-0.000063,0.000000
1065.000000,-0.003530,0.001601,-0.003418,-0.001182,-0.016229
1066.000000,-0.001912,0.001500,-0.002756,-0.001133,0.001923
1067.000000,-0.000192,-0.001053,-0.002280,-0.000667,-0.001442
1068.000000,-0.002573,-0.000717,-0.001883,-0.000032,0.002882
1069.000000,-0.000854,-0.001041,-0.000825,-0.000032,0.008596
1070.000000,0.003246,-0.000142,-0.000424,0.000206,0.004270
1071.000000,0.003429,0.000758,0.000047,-0.000204,0.002837
1072.000000,0.000576,0.000192,0.000240,-0.000712,-0.015703
1073.000000,0.000861,-0.000856,0.001552,-0.001797,0.004307
1074.000000,-0.001719,-0.001287,0.001091,-0.001850,-0.004307
1075.000000,0.000567,0.001907,0.001754,-0.001643,0.015703
1076.000000,0.003649,0.003539,0.002520,-0.000658,0.018246
1077.000000,0.006326,0.003451,0.001199,-0.000370,-0.002321
1078.000000,0.005371,0.003116,0.001200,-0.000216,-0.000465
1079.000000,0.008636,0.003458,0.001209,0.000603,0.012015
1080.000000,0.006412,0.003490,0.001674,0.000880,0.004583
1081.000000,0.002762,0.003206,0.001982,0.001100,0.000000
1082.000000,0.004412,0.005369,0.002780,0.001950,0.005927
1083.000000,0.002678,0.004025,0.001584,0.002376,-0.009132
1084.000000,-0.004553,0.002041,0.000377,0.001408,-0.024142
1085.000000,-0.003227,0.001593,0.001750,0.001700,0.011215
1086.000000,-0.007169,-0.002203,0.000668,0.000945,-0.019710
1087.000000,-0.009209,-0.002398,0.000526,0.000000,-0.004275
1088.000000,-0.011324,-0.004323,-0.000603,-0.000641,-0.019707
1089.000000,-0.003604,-0.004078,-0.000310,-0.000554,0.014458
1090.000000,-0.005655,-0.004441,-0.000476,-0.000364,0.000956
1091.000000,-0.002864,-0.005016,-0.000905,-0.000351,-0.005753
1092.000000,-0.002587,-0.005898,-0.000264,-0.000112,-0.002889
1093.000000,0.002700,-0.004312,-0.000143,-0.000381,0.006728
1094.000000,-0.005530,-0.004567,-0.001263,-0.001271,-0.026694
1095.000000,-0.005918,-0.005787,-0.002097,-0.000763,-0.000984
1096.000000,-0.003492,-0.003178,-0.002690,-0.000614,0.006380
1097.000000,-0.007466,-0.005027,-0.003713,-0.001325,-0.022762
1098.000000,-0.009213,-0.003256,-0.003790,-0.001488,-0.002004
1099.000000,-0.004577,-0.005054,-0.004566,-0.001891,-0.003517
1100.000000,-0.010617,-0.008268,-0.006354,-0.003073,-0.031181
1101.000000,-0.010444,-0.006968,-0.005992,-0.002926,0.007243
1102.000000,-0.004556,-0.006011,-0.005955,-0.002180,0.006679
1103.000000,-0.002930,-0.006071,-0.005192,-0.002119,0.006126
1104.000000,-0.001820,-0.003199,-0.003883,-0.001908,0.002034
1105.000000,0.006035,-0.002291,-0.004039,-0.002162,0.008093
1106.000000,0.006491,-0.001976,-0.002577,-0.002452,0.009526
1107.000000,0.006052,0.000748,-0.002139,-0.002226,0.004481
1108.000000,0.004130,0.000600,-0.001328,-0.002326,-0.003483
1109.000000,0.000811,-0.000505,-0.002779,-0.003212,-0.014562
1110.000000,-0.000909,0.002563,-0.002852,-0.003382,-0.000506
1111.000000,-0.001201,0.002645,-0.002161,-0.003113,0.008065
1112.000000,-0.003003,0.001524,-0.002243,-0.003462,-0.004528
1113.000000,-0.004232,-0.000051,-0.003061,-0.003478,-0.009628
1114.000000,-0.000304,0.000254,-0.001473,-0.002504,0.005079
1115.000000,0.002914,0.001003,-0.000644,-0.002358,0.015582
1116.000000,0.000702,-0.000250,-0.001113,-0.001801,-0.002997
1117.000000,0.004980,0.000989,0.000868,-0.001097,0.016865
1118.000000,0.010706,0.003237,0.001919,0.000194,0.019002
1119.000000,0.009497,0.004597,0.002046,-0.000321,-0.000966
1120.000000,0.005412,0.004163,0.003363,-0.000514,-0.004843
1121.000000,0.006884,0.003793,0.003219,-0.000177,0.004359
1122.000000,-0.007620,-0.001320,0.000102,-0.001936,-0.055653
1123.000000,-0.015759,-0.002527,-0.001289,-0.002883,-0.021695
1124.000000,-0.017244,-0.003873,-0.001810,-0.002273,-0.008390
1125.000000,-0.017438,-0.006013,-0.002505,-0.002434,-0.005809
1126.000000,-0.018946,-0.006031,-0.003141,-0.002752,-0.003183
1127.000000,-0.004548,-0.006084,-0.002548,-0.001449,0.016338
1128.000000,0.002181,-0.006789,-0.001776,-0.000984,0.011951
1129.000000,0.003239,-0.007003,-0.001203,-0.000970,-0.003104
1130.000000,0.006257,-0.005590,-0.000714,0.000379,0.009283
1131.000000,0.006996,-0.005975,-0.001091,0.000154,0.000513
1132.000000,0.000626,-0.001961,-0.001640,-0.000585,-0.015512
1133.000000,0.003380,0.002781,0.000127,0.000068,0.025722
1134.000000,-0.001874,0.000682,-0.001596,-0.000979,-0.029376
1135.000000,-0.005201,0.000528,-0.002742,-0.001494,-0.007349
1136.000000,-0.001649,0.002674,-0.001679,-0.001202,0.018273
1137.000000,-0.003575,-0.001474,-0.003779,-0.002190,-0.025145
1138.000000,-0.007450,-0.002035,-0.004412,-0.001862,0.006346
1139.000000,0.000731,-0.000572,-0.003787,-0.000993,0.011531
1140.000000,0.004584,-0.000308,-0.002949,-0.000579,0.011914
1141.000000,0.006214,0.002283,-0.001846,0.000033,0.026424
1142.000000,0.010640,0.003532,0.000786,0.000084,-0.003014
1143.000000,0.011074,0.001812,0.002296,0.000689,0.008515
1144.000000,0.009912,0.005321,0.003002,0.000710,0.005719
1145.000000,0.008568,0.006576,0.003552,0.000364,0.005194
1146.000000,0.000801,0.003507,0.003091,0.000050,-0.012410
1147.000000,0.001404,0.006022,0.002274,-0.000512,0.000000
1148.000000,0.003461,0.007268,0.002616,-0.000519,0.018803
1149.000000,0.004171,0.007042,0.003235,-0.000178,0.009271
1150.000000,0.002257,0.005412,0.002552,-0.000162,-0.004381
1151.000000,0.002581,0.001691,0.001987,-0.000667,-0.010790
1152.000000,0.002581,0.001992,0.002762,0.001188,0.000000
1153.000000,0.001173,0.002317,0.002064,0.002303,0.011765
1154.000000,-0.003825,0.000173,0.002747,0.002059,-0.015717
1155.000000,-0.003941,-0.000842,0.002867,0.002087,-0.004963
1156.000000,0.000492,0.001537,0.002522,0.002573,0.011378
1157.000000,0.001963,0.002272,0.004147,0.002273,0.007351
1158.000000,-0.002057,-0.000442,0.003413,0.001597,-0.008335
1159.000000,0.001970,-0.000927,0.003057,0.001848,0.004422
1160.000000,0.000695,-0.001623,0.001895,0.001160,-0.011339
1161.000000,-0.002973,-0.001240,0.000225,0.000911,-0.006965
1162.000000,0.000000,0.000981,0.001487,0.002169,0.022218
1163.000000,-0.002577,-0.002317,0.000000,0.000604,-0.021220
1164.000000,-0.002565,-0.000297,-0.000062,0.001732,0.004479
1165.000000,-0.001293,-0.000299,-0.000571,0.001811,-0.004978
1166.000000,-0.003018,-0.002996,-0.000730,0.000683,-0.015590
1167.000000,-0.002951,-0.001476,0.000398,0.002273,0.022552
1168.000000,0.000199,-0.001189,-0.000815,0.001879,-0.005466
1169.000000,0.000298,-0.001134,-0.001030,0.001660,0.004970
1170.000000,-0.000200,-0.000746,-0.001185,0.001014,-0.007465
1171.000000,0.004807,0.000895,-0.000173,0.000448,0.009446
1172.000000,-0.003096,-0.003024,-0.001021,-0.000017,-0.016966
1173.000000,-0.004026,-0.001913,-0.002115,-0.000638,-0.010116
1174.000000,-0.003703,-0.001703,-0.001000,-0.000609,0.006587
1175.000000,-0.001806,-0.001003,-0.000651,-0.000715,0.002018
1176.000000,-0.002690,0.001059,-0.000968,-0.000133,0.005028
1177.000000,0.001204,-0.000946,-0.001211,-0.000050,0.002504
1178.000000,0.005812,0.000893,-0.000148,-0.000246,0.012923
1179.000000,0.004297,0.000297,-0.000418,-0.000588,-0.000988
1180.000000,0.002305,0.000249,-0.000249,-0.000707,-0.007940
1181.000000,0.000801,-0.000945,-0.000025,-0.000430,-0.002494
1182.000000,-0.002416,-0.000606,-0.001815,-0.000883,-0.013578
1183.000000,-0.005102,0.000355,-0.000779,-0.001292,-0.000506
1184.000000,-0.002387,0.000955,-0.000374,-0.000348,0.012585
1185.000000,0.001663,0.001663,0.001663,0.001663,-0.007532
1186.000000,-0.004343,-0.001771,-0.000356,-0.001236,-0.012681
1187.000000,-0.004092,-0.003254,-0.002100,-0.001892,-0.012327
1188.000000,-0.005027,-0.005064,-0.002086,-0.001787,-0.005181
1189.000000,-0.011320,-0.006853,-0.003278,-0.002563,-0.018878
1190.000000,-0.008863,-0.005584,-0.002667,-0.002027,0.004753
1191.000000,-0.003502,-0.003922,-0.002433,-0.001324,0.014125
1192.000000,0.000928,-0.001582,-0.001094,-0.001737,0.009822
1193.000000,-0.002720,-0.003873,-0.001759,-0.001811,-0.023420
1194.000000,0.001477,-0.004922,-0.001983,-0.001890,0.002104
1195.000000,0.000316,-0.004273,-0.002137,-0.001759,-0.001052
1196.000000,-0.002509,-0.003005,-0.002388,-0.001239,0.000000
1197.000000,-0.004579,-0.001825,-0.002540,-0.002008,-0.000526
1198.000000,0.000526,-0.001097,-0.003081,-0.001756,0.002103
1199.000000,0.000525,0.001001,-0.002926,-0.001852,0.002099
1200.000000,-0.000632,-0.000158,-0.002871,-0.001831,-0.006837
1201.000000,-0.000211,-0.001360,-0.002641,-0.002076,0.002109
1202.000000,0.001573,-0.001503,-0.001543,-0.001230,0.008390
1203.000000,0.001048,0.000787,-0.001543,-0.000910,-0.000522
1204.000000,0.001878,0.001201,-0.001860,-0.000922,0.006250
1205.000000,0.004694,0.002031,-0.001121,-0.000748,0.007243
1206.000000,0.002408,0.001099,-0.000953,-0.001226,-0.009322
1207.000000,0.000522,0.001047,-0.000389,-0.001344,-0.001041
1208.000000,0.000626,0.000837,-0.000130,-0.001775,0.000000
1209.000000,-0.002088,-0.000105,0.000448,-0.001986,-0.007318
1210.000000,-0.006709,-0.001008,-0.000583,-0.002250,-0.015865
1211.000000,-0.003888,-0.000740,-0.001050,-0.002007,0.004786
1212.000000,-0.005170,-0.002324,-0.001914,-0.001803,-0.007455
1213.000000,-0.006457,-0.002916,-0.001064,-0.002001,-0.006434
1214.000000,-0.008357,-0.005222,-0.002010,-0.002981,-0.016816
1215.000000,-0.004202,-0.005455,-0.001712,-0.002566,0.004911
1216.000000,-0.006908,-0.005398,-0.002150,-0.002435,-0.008748
1217.000000,-0.007960,-0.006565,-0.002759,-0.002448,-0.012711
1218.000000,-0.004460,-0.005459,-0.002311,-0.001906,0.011062
1219.000000,0.003148,-0.002604,-0.001355,-0.000570,0.021225
1220.000000,0.000652,-0.001775,-0.001391,-0.000980,-0.007568
1221.000000,0.003052,-0.001928,-0.001334,-0.001343,0.003250
1222.000000,0.008600,0.000320,-0.001002,-0.001169,0.015030
1223.000000,0.006068,0.000804,-0.001056,-0.000442,-0.001600
1224.000000,0.003311,0.003230,-0.000996,-0.000264,0.007443
1225.000000,0.006197,0.003425,-0.001015,0.000000,0.006862
1226.000000,0.008782,0.005917,0.000259,0.000539,0.016176
1227.000000,0.005569,0.007085,0.000260,0.000522,-0.001036
1228.000000,0.006406,0.006237,0.000389,0.000538,0.002587
1229.000000,0.005537,0.004424,0.000910,0.000572,0.003096
1230.000000,0.005602,0.005900,0.002062,0.001039,0.007187
1231.000000,0.002674,0.005728,0.001900,0.001020,0.001533
1232.000000,0.004407,0.004988,0.002654,0.000995,0.007632
1233.000000,0.004800,0.005603,0.003203,0.001164,0.004551
1234.000000,0.003675,0.004606,0.003918,0.000871,-0.002526
1235.000000,0.000409,0.003005,0.003215,0.000325,-0.009146
1236.000000,-0.000204,0.001235,0.003576,0.000585,-0.001533
1237.000000,-0.000304,0.002051,0.004568,0.000857,0.007132
1238.000000,-0.002539,0.001131,0.003684,0.000636,-0.006621
1239.000000,-0.002545,0.000565,0.002495,0.000795,-0.002558
1240.000000,0.002536,0.001472,0.003686,0.001866,0.016261
1241.000000,-0.001128,-0.000666,0.002531,0.001044,-0.019853
1242.000000,-0.004622,-0.002463,0.001263,0.000948,-0.010336
1243.000000,-0.002468,-0.002503,0.001550,0.001301,0.004147
1244.000000,-0.000410,-0.001478,0.001564,0.002119,0.007730
