0.000000,0.006223,0.001731,0.001746,0.001590,0.012331
1.000000,0.008438,0.003336,0.002236,0.001972,0.008542
2.000000,0.008946,0.003587,0.002300,0.001913,0.000000
3.000000,0.008164,0.003202,0.002301,0.001657,0.002427
4.000000,0.006350,0.004801,0.002591,0.001938,0.008449
5.000000,0.003884,0.005053,0.002717,0.002023,0.000000
6.000000,0.004089,0.006264,0.003195,0.002208,0.009569
7.000000,0.005039,0.006992,0.003879,0.002120,0.004751
8.000000,0.004791,0.006478,0.003861,0.002159,0.001184
9.000000,0.003337,0.004844,0.002795,0.002283,0.001183
10.000000,0.008010,0.005947,0.003839,0.003146,0.023366
11.000000,0.007936,0.006012,0.004674,0.003495,0.009195
12.000000,0.005608,0.005324,0.004455,0.003308,-0.006889
13.000000,0.003519,0.004155,0.003679,0.002919,-0.009259
14.000000,0.002817,0.003077,0.003939,0.002753,-0.002328
15.000000,-0.000694,0.003658,0.004356,0.003031,0.005811
16.000000,-0.003695,0.002120,0.004192,0.002837,-0.005811
17.000000,-0.000692,0.002458,0.004725,0.003405,0.008125
18.000000,0.000000,0.001760,0.004119,0.003161,-0.005797
19.000000,0.000698,0.001758,0.003301,0.002449,0.001162
20.000000,0.000005,-0.000345,0.002801,0.002444,0.002343
21.000000,-0.000701,-0.002198,0.001907,0.002383,-0.009336
22.000000,0.001153,0.000230,0.002777,0.003047,0.017392
23.000000,0.000928,0.000464,0.002309,0.002607,-0.006920
24.000000,0.001158,0.000928,0.002003,0.002935,0.002312
25.000000,0.000689,0.000347,0.002003,0.003020,0.000000
26.000000,0.002788,0.001043,0.001582,0.003142,0.001154
27.000000,-0.000691,0.000231,0.001344,0.003227,0.000000
28.000000,0.001614,0.001271,0.001515,0.003169,0.004603
29.000000,0.001381,0.001269,0.001514,0.002624,0.001147
30.000000,0.001745,0.001217,0.000436,0.002273,0.001822
31.000000,0.002977,0.002882,0.000342,0.002232,0.007311
32.000000,0.001379,0.000344,0.000287,0.001966,-0.007986
33.000000,-0.000921,0.000347,0.000405,0.001655,-0.006897
34.000000,-0.000920,0.000231,0.000579,0.001412,0.001153
35.000000,-0.001745,0.000000,0.000174,0.001335,-0.002307
36.000000,-0.002977,0.000000,0.000522,0.001055,0.001154
37.000000,0.000914,0.001147,0.000689,0.001278,0.011468
38.000000,0.002522,0.000800,0.001036,0.001277,0.001140
39.000000,0.004105,0.001593,0.001431,0.001540,0.009070
40.000000,0.004817,0.001536,0.001377,0.000803,0.001252
41.000000,0.005685,0.001354,0.002118,0.000680,0.005497
42.000000,0.002042,0.001478,0.000911,0.000684,-0.006749
43.000000,0.002265,0.002393,0.001370,0.001068,0.002255
44.000000,0.000451,0.002278,0.001254,0.001146,0.000000
45.000000,-0.000250,0.002283,0.001142,0.000877,-0.002255
46.000000,-0.000674,0.002506,0.001253,0.001183,0.003380
47.000000,0.000901,0.001471,0.001309,0.000950,0.001124
48.000000,0.001123,0.001694,0.001247,0.001255,0.003365
49.000000,0.000000,0.000225,0.000909,0.001029,-0.005615
50.000000,-0.000226,-0.000238,0.000649,0.000838,-0.003384
51.000000,-0.001128,-0.000901,0.000227,0.001112,-0.001131
52.000000,0.000000,0.000450,0.000964,0.000758,0.006764
53.000000,-0.000673,0.000225,0.001309,0.000988,0.000000
54.000000,0.000899,0.000449,0.001364,0.000986,0.002245
55.000000,0.001351,0.000563,0.001423,0.000949,-0.001122
56.000000,0.002230,0.000551,0.001528,0.001019,0.003261
57.000000,0.001132,0.000566,0.001019,0.001061,0.001274
58.000000,0.002900,0.001114,0.001404,0.001203,0.008843
59.000000,0.000486,0.000692,0.000459,0.000837,-0.009827
60.000000,0.003118,0.002235,0.000998,0.001177,0.012039
61.000000,0.000770,0.001500,0.000300,0.000651,-0.008478
62.000000,0.000435,0.000783,0.000617,0.000904,-0.000401
63.000000,-0.001780,0.000560,0.000393,0.001059,-0.002232
64.000000,0.000632,0.000559,0.000504,0.001095,0.002232
65.000000,0.000442,0.001780,0.001171,0.001542,0.011087
66.000000,0.002578,0.001674,0.001112,0.001577,0.002203
67.000000,0.002438,0.001436,0.001001,0.001158,-0.001101
68.000000,0.002001,0.000111,0.000612,0.000973,-0.004415
69.000000,-0.000223,0.000204,0.000448,0.000374,-0.008889
70.000000,-0.001106,-0.000332,0.000951,0.000555,0.006674
71.000000,-0.002444,0.000067,0.000783,0.000222,-0.004489
72.000000,-0.003108,-0.000335,0.000224,0.000300,-0.004420
73.000000,-0.000443,0.000779,0.000670,0.000521,0.008909
74.000000,0.000891,0.000334,0.000446,0.000447,-0.002220
75.000000,0.000443,-0.000331,0.000724,0.000670,0.004435
76.000000,0.001341,-0.000552,0.000561,0.000558,0.000000
77.000000,0.002887,-0.000110,0.000663,0.000631,0.003313
78.000000,0.001326,0.000442,0.000276,0.000555,0.001102
79.000000,0.002649,0.001770,0.000987,0.000889,0.004396
80.000000,0.001981,0.001212,0.000440,0.001038,0.001096
81.000000,0.001103,0.001222,0.000644,0.000930,-0.004391
82.000000,0.001100,0.001993,0.000829,0.000814,0.003295
83.000000,0.002408,0.001867,0.001323,0.001069,0.007646
84.000000,0.001529,0.002089,0.001212,0.000994,0.000000
85.000000,0.002612,0.002296,0.000983,0.001248,0.006508
86.000000,0.003706,0.002404,0.000926,0.001176,0.001080
87.000000,0.002181,0.001640,0.000765,0.000989,-0.004329
88.000000,0.001518,0.001963,0.001202,0.000838,0.004329
89.000000,0.001423,0.001476,0.001623,0.001150,-0.000475
90.000000,0.001508,0.002060,0.001636,0.000980,0.006934
91.000000,0.000647,0.002176,0.001699,0.001155,-0.003224
92.000000,0.002586,0.002384,0.002189,0.001347,0.005368
93.000000,0.002788,0.002153,0.002010,0.001600,0.005339
94.000000,0.004791,0.003107,0.002598,0.001843,0.009539
95.000000,0.002593,0.002050,0.002173,0.001338,-0.004059
96.000000,0.001074,0.000860,0.001632,0.000904,-0.010819
97.000000,-0.001289,0.000649,0.001144,0.000726,-0.006445
98.000000,-0.002357,0.000216,0.001089,0.000873,0.000000
99.000000,-0.004049,0.000371,0.000923,0.001206,0.001077
100.000000,-0.005184,-0.001296,0.000382,0.000659,-0.009735
101.000000,-0.002369,-0.000648,0.000764,0.000917,0.003256
102.000000,-0.003478,-0.002384,0.000000,0.000664,-0.011989
103.000000,-0.006572,-0.004465,-0.001156,-0.000148,-0.015470
104.000000,-0.006610,-0.005329,-0.001111,-0.000044,0.000890
105.000000,-0.006182,-0.005683,-0.001816,-0.000445,-0.007594
106.000000,-0.005715,-0.004042,-0.001591,-0.000259,0.005590
107.000000,0.000000,-0.001739,-0.000545,0.000183,0.016584
108.000000,0.003313,-0.001630,-0.000707,0.000183,0.001096
109.000000,0.000347,-0.003131,-0.001380,-0.000428,-0.013941
110.000000,-0.002255,-0.004218,-0.002757,-0.001151,-0.020603
111.000000,-0.002030,-0.003873,-0.002260,-0.000781,0.006712
112.000000,-0.004884,-0.002442,-0.002413,-0.000814,0.002317
113.000000,-0.004654,-0.000670,-0.002567,-0.000994,0.002245
114.000000,-0.000302,0.000022,-0.002654,-0.000733,0.007817
115.000000,0.000000,-0.001127,-0.003405,-0.001587,-0.019091
116.000000,-0.006860,-0.004445,-0.004244,-0.002542,-0.027588
117.000000,-0.005930,-0.005407,-0.003573,-0.002166,0.006969
118.000000,-0.010589,-0.007622,-0.004626,-0.003012,-0.021053
119.000000,-0.008872,-0.004587,-0.003859,-0.002449,0.016401
120.000000,-0.003200,-0.001600,-0.002909,-0.002371,0.009271
121.000000,0.005066,-0.000897,-0.002385,-0.001806,0.013742
122.000000,0.006379,0.000224,-0.001109,-0.001534,0.013533
123.000000,0.010143,-0.000223,-0.000447,-0.001786,-0.002233
124.000000,0.005959,-0.001457,-0.000717,-0.002255,-0.004516
125.000000,0.002971,-0.000115,-0.000621,-0.002308,-0.005671
126.000000,-0.000002,0.002532,-0.000957,-0.001985,-0.001124
127.000000,-0.003164,0.001607,-0.001900,-0.001846,-0.002275
128.000000,-0.000903,0.004620,-0.001501,-0.001544,0.009070
129.000000,0.001123,0.003541,-0.000523,-0.001393,0.005616
130.000000,0.005157,0.004064,0.001232,-0.000585,0.014496
131.000000,0.005160,0.002579,0.000841,-0.000730,-0.001107
132.000000,0.005615,0.001226,0.000725,-0.000331,0.000000
133.000000,0.002021,0.000559,0.000168,-0.000112,-0.008899
134.000000,0.003120,0.002122,0.000333,0.000229,0.011111
135.000000,0.001103,0.003130,0.001508,0.000629,0.004410
136.000000,0.000663,0.002912,0.002722,0.000333,-0.003306
137.000000,0.001764,0.003690,0.002649,-0.000037,0.005504
138.000000,0.004922,0.003472,0.004046,0.000157,0.006892
139.000000,0.001979,0.002550,0.003045,0.000501,-0.003604
140.000000,0.000659,0.000881,0.002472,0.001115,-0.002191
141.000000,0.001977,0.001320,0.001950,0.001001,0.003284
142.000000,-0.000858,0.000453,0.000839,0.000634,-0.008671
143.000000,-0.001818,0.001552,0.001056,0.000629,0.002092
144.000000,-0.000105,0.000937,0.001529,0.000534,0.004960
145.000000,0.001253,0.000956,0.002043,0.001324,0.004598
146.000000,0.000000,0.000988,0.001950,0.002144,-0.002979
147.000000,0.000638,-0.000110,0.001790,0.001729,-0.005479
148.000000,-0.000546,-0.001182,0.001145,0.002303,-0.003832
149.000000,-0.001433,-0.000769,0.000890,0.001774,0.000529
150.000000,-0.002352,-0.000550,0.000166,0.001465,0.000000
151.000000,-0.000438,-0.000219,0.000551,0.001227,0.006593
152.000000,0.000000,0.000319,0.000386,0.000666,-0.003291
153.000000,-0.000778,-0.000662,0.000445,0.000483,-0.007722
154.000000,-0.001772,-0.001602,-0.000333,0.000486,-0.004440
155.000000,-0.004459,-0.003406,-0.001225,0.000227,-0.013438
156.000000,-0.007136,-0.003787,-0.001399,0.000038,-0.006787
157.000000,-0.008761,-0.004380,-0.002245,-0.000267,-0.011416
158.000000,-0.005160,-0.002969,-0.002076,-0.000227,0.010280
159.000000,-0.005641,-0.003706,-0.002238,-0.000642,-0.006842
160.000000,-0.002040,-0.003250,-0.001900,-0.000973,0.004566
161.000000,-0.000227,-0.003681,-0.001950,-0.000860,0.002275
162.000000,0.002737,-0.003012,-0.001346,-0.000747,0.003403
163.000000,-0.002056,-0.003608,-0.002135,-0.000906,-0.013683
164.000000,0.000000,-0.002820,-0.002211,-0.001162,0.003438
165.000000,-0.000685,-0.001362,-0.002384,-0.001271,0.001144
166.000000,-0.001597,-0.000912,-0.002349,-0.001237,-0.002288
167.000000,-0.000454,0.001142,-0.001619,-0.001116,0.009122
168.000000,0.003013,0.000478,-0.001245,-0.001224,0.003648
169.000000,0.001141,0.000570,-0.001568,-0.001302,-0.005921
170.000000,0.001276,0.000296,-0.001477,-0.001168,0.001819
171.000000,0.003182,0.000792,-0.001445,-0.001036,0.007241
172.000000,0.002482,0.001014,-0.000999,-0.000560,0.005621
173.000000,0.001303,0.002158,-0.000725,-0.000704,-0.002245
174.000000,0.001812,0.001476,-0.000672,-0.000982,-0.003376
175.000000,0.003020,0.002148,0.000393,-0.000873,0.007861
176.000000,0.001572,0.002377,0.000732,-0.000774,0.000000
177.000000,0.003115,0.002798,0.001970,-0.000147,0.013334
178.000000,0.005541,0.003422,0.001950,0.000310,0.009885
179.000000,0.005515,0.003664,0.002117,0.000176,-0.003503
180.000000,0.001560,0.002290,0.001293,-0.000221,-0.011915
181.000000,0.000447,0.001010,0.000901,-0.000627,-0.005565
182.000000,-0.001908,0.000604,0.000809,-0.000465,0.001561
183.000000,-0.005316,0.000112,0.001135,-0.000446,-0.007157
184.000000,-0.004167,0.000674,0.001075,-0.000223,0.002242
185.000000,-0.001784,-0.000112,0.001018,0.000225,0.000000
186.000000,-0.002245,-0.000899,0.000739,0.000189,-0.007870
187.000000,-0.000983,-0.001445,0.000676,0.000831,0.007870
188.000000,0.001066,-0.002125,0.000648,0.000592,0.003086
189.000000,-0.000898,-0.002532,0.000566,0.000567,-0.007575
190.000000,0.000224,-0.000780,0.000755,0.000602,0.005609
191.000000,0.000901,-0.000672,0.000169,0.000377,-0.004484
192.000000,-0.002479,-0.001731,-0.000564,-0.000038,-0.009029
193.000000,-0.005834,-0.002384,-0.001136,-0.000038,-0.013687
194.000000,-0.000225,-0.000561,0.000056,0.000530,0.020467
195.000000,-0.000313,-0.000045,-0.000078,0.000664,0.005167
196.000000,0.001123,0.001012,0.000056,0.000830,0.002696
197.000000,0.001356,-0.000561,-0.001003,0.000264,-0.007863
198.000000,0.007000,0.000583,-0.000771,0.000627,0.014534
199.000000,0.004014,0.001894,-0.000319,0.001008,0.005534
200.000000,0.004957,0.002322,0.000771,0.001277,0.009885
201.000000,0.004199,0.002661,0.000995,0.001000,-0.001093
202.000000,0.007298,0.004327,0.001298,0.001066,0.007629
203.000000,0.004604,0.005802,0.001709,0.001177,0.001063
204.000000,0.004798,0.004406,0.001922,0.001506,0.006508
205.000000,0.003896,0.004427,0.002191,0.001423,0.005373
206.000000,0.004115,0.004157,0.002584,0.001423,0.000000
207.000000,0.003231,0.005264,0.002351,0.001086,0.003210
208.000000,0.002805,0.003704,0.002144,0.000721,-0.001069
209.000000,0.002782,0.003790,0.002842,0.001051,0.006397
210.000000,0.001899,0.002898,0.002610,0.001480,0.000956
211.000000,0.001803,0.002959,0.002810,0.001649,-0.000478
212.000000,0.000853,0.002042,0.003184,0.001546,-0.001541
213.000000,0.001706,0.002255,0.004029,0.001891,0.003197
214.000000,-0.000426,0.001178,0.002792,0.001674,-0.004261
215.000000,-0.001471,0.000214,0.002320,0.001532,-0.004269
216.000000,-0.001161,0.000321,0.002239,0.001830,0.001069
217.000000,-0.001924,-0.000536,0.002364,0.001389,-0.005356
218.000000,-0.002821,-0.000558,0.001573,0.001243,-0.001290
219.000000,-0.001711,-0.001068,0.001361,0.001539,0.001290
220.000000,0.000854,-0.000308,0.001295,0.001637,0.008556
221.000000,-0.000428,-0.000794,0.001082,0.001608,-0.005339
222.000000,-0.001726,-0.001825,0.000108,0.001515,-0.011847
223.000000,-0.001035,-0.001928,0.000164,0.002043,0.002165
224.000000,0.000215,-0.000748,0.000215,0.001612,0.007539
225.000000,-0.001325,-0.000236,-0.000011,0.001468,0.000858
226.000000,-0.000837,-0.000632,-0.000156,0.001282,-0.002899
227.000000,0.001724,-0.000001,-0.000268,0.001576,0.000956
228.000000,0.002153,0.000559,0.000001,0.001235,0.004309
229.000000,0.001922,0.001068,0.000000,0.001263,0.006386
230.000000,-0.001679,-0.001502,-0.000905,0.000362,-0.017149
231.000000,-0.001554,-0.001196,-0.000995,0.000323,-0.002273
232.000000,-0.001507,0.000108,-0.000858,0.000108,0.001191
233.000000,-0.004567,-0.001207,-0.001568,-0.000293,-0.010991
234.000000,-0.004080,-0.001079,-0.000914,-0.000216,0.008824
235.000000,-0.000433,-0.001056,-0.000646,-0.000359,0.001084
236.000000,-0.000065,-0.000810,-0.000721,-0.000374,-0.000433
237.000000,-0.002614,-0.002061,-0.001031,-0.000866,-0.011556
238.000000,-0.001887,-0.003227,-0.001334,-0.001075,-0.007352
239.000000,-0.002400,-0.003240,-0.001086,-0.001080,0.006254
240.000000,-0.000869,-0.000651,-0.001076,-0.000820,0.008743
241.000000,-0.001000,-0.000532,-0.000864,-0.000841,-0.001089
242.000000,0.002181,-0.000217,-0.000054,-0.000644,0.004348
243.000000,0.001908,0.000011,-0.000598,-0.001042,-0.008715
244.000000,0.002617,0.000108,-0.000485,-0.000573,0.009799
245.000000,0.004519,0.001825,0.000384,0.000178,0.018251
246.000000,0.004524,0.001762,0.000476,0.000107,-0.001064
247.000000,0.003654,0.002918,0.000428,0.000285,0.000000
248.000000,0.005823,0.003865,0.000319,0.000399,0.002128
249.000000,0.003224,0.002921,-0.000160,0.000250,-0.003193
250.000000,-0.000213,0.002153,0.000751,0.000000,0.001066
251.000000,-0.001497,0.001514,0.000491,-0.000071,-0.007483
252.000000,-0.001497,0.001079,0.000431,0.000323,0.000000
253.000000,-0.001172,0.002325,0.001168,0.000376,0.003748
254.000000,0.000100,0.001662,0.000885,0.000231,0.003170
255.000000,0.000538,0.000163,0.000994,0.000311,0.003255
256.000000,0.001709,0.000106,0.000934,0.000353,-0.001626
257.000000,0.003242,0.000873,0.001895,0.000576,0.007662
258.000000,0.000966,-0.000103,0.001881,0.000178,-0.007630
259.000000,0.001953,0.001027,0.001974,0.000236,0.008105
260.000000,-0.000538,0.000000,0.001076,0.000501,-0.009201
261.000000,-0.000002,0.000854,0.001184,0.000612,0.001054
262.000000,-0.001958,0.000642,0.000860,0.000501,-0.002119
263.000000,-0.000646,0.000160,0.001243,0.000832,-0.001067
264.000000,-0.001840,0.000056,0.000859,0.000609,0.002132
265.000000,0.000213,-0.000163,0.000000,0.000608,0.001064
266.000000,-0.003865,-0.001933,-0.000914,-0.000022,-0.019335
267.000000,-0.005403,-0.003681,-0.001404,0.000037,-0.009809
268.000000,-0.005409,-0.003027,-0.001565,0.000245,-0.001096
269.000000,-0.006494,-0.004167,-0.001570,-0.000073,-0.003295
270.000000,-0.004954,-0.002371,-0.001185,-0.000073,0.008762
271.000000,-0.001743,-0.002804,-0.000975,-0.000146,-0.003277
272.000000,-0.002868,-0.004136,-0.001747,-0.000805,-0.015436
273.000000,-0.001895,-0.003652,-0.001746,-0.000389,0.003771
274.000000,-0.001999,-0.004247,-0.002095,-0.000843,-0.003815
275.000000,-0.002458,-0.003706,-0.001934,-0.001235,0.006468
276.000000,0.000773,-0.000485,-0.001209,-0.000771,0.012878
277.000000,0.004178,0.000655,-0.001513,-0.000718,0.001590
278.000000,0.005589,0.001847,-0.000590,-0.000428,0.010823
279.000000,0.005705,0.001853,-0.001157,-0.000429,-0.003235
280.000000,0.004731,0.001136,-0.000617,-0.000411,0.001597
281.000000,0.003556,0.002165,-0.000320,0.000071,0.007005
282.000000,0.003238,0.003708,-0.000214,0.000071,0.000000
283.000000,0.000215,0.002902,-0.000375,-0.000197,-0.004292
284.000000,0.001720,0.003713,-0.000267,-0.000159,0.004292
285.000000,0.002256,0.003493,-0.000106,-0.000125,0.004274
286.000000,0.001493,0.002525,0.001020,0.000035,0.003193
287.000000,0.001068,0.002153,0.001404,-0.000291,-0.002128
288.000000,0.002350,0.001282,0.001565,0.000034,0.002117
289.000000,0.002147,0.001934,0.001893,-0.000127,0.003278
290.000000,0.001910,0.002083,0.001610,0.000283,0.003088
291.000000,-0.000426,0.000534,0.001349,-0.000035,-0.008484
292.000000,0.002308,0.001688,0.002698,0.000420,0.011541
293.000000,0.002211,0.002280,0.002591,0.000510,0.001630
294.000000,0.001463,0.001805,0.002759,0.000424,-0.000463
295.000000,0.000654,0.001282,0.002387,0.000356,-0.000957
296.000000,0.002329,0.000952,0.001738,0.000997,-0.000105
297.000000,-0.000190,0.001059,0.001606,0.001289,-0.001053
298.000000,-0.001784,0.000213,0.000748,0.001114,-0.006343
299.000000,-0.003182,-0.000860,0.000537,0.000976,-0.007451
300.000000,-0.002350,-0.000848,0.000617,0.000790,0.003200
301.000000,-0.000842,0.000744,0.000639,0.001147,0.007438
302.000000,0.000631,0.000221,0.000954,0.001872,0.006312
303.000000,0.000259,-0.000763,0.000759,0.001473,-0.008206
304.000000,0.002337,-0.000423,0.000691,0.001698,0.002940
305.000000,0.001485,-0.000432,0.000425,0.001447,-0.001057
306.000000,-0.000850,-0.000846,0.000053,0.000877,-0.004237
307.000000,-0.001476,-0.000422,0.000318,0.000930,0.003180
308.000000,-0.000047,0.000106,0.000160,0.000534,-0.001059
309.000000,-0.000847,0.000745,-0.000057,0.000606,-0.001060
310.000000,0.000633,0.001059,0.000105,0.000765,0.006343
311.000000,0.003160,0.001155,0.000949,0.000811,0.008395
312.000000,0.002733,0.000628,0.000425,0.000846,0.001044
313.000000,0.003570,0.001762,0.000499,0.001093,0.003127
314.000000,0.003365,0.001259,0.000418,0.000880,-0.002083
315.000000,0.001051,0.000842,0.000205,0.000564,-0.005227
316.000000,-0.001300,0.000930,0.000042,0.000345,-0.003360
317.000000,-0.001677,0.000528,0.000053,0.000388,-0.000842
318.000000,-0.002094,0.000738,0.000422,0.000352,0.001042
319.000000,-0.003153,0.000106,0.000426,-0.000003,-0.007377
320.000000,-0.003381,-0.001165,-0.000053,-0.000318,-0.006366
321.000000,-0.001860,-0.001580,-0.000212,0.000106,0.004245
322.000000,-0.000844,-0.001261,-0.000316,-0.000137,0.004237
323.000000,0.001260,-0.000417,0.000672,0.000194,0.011561
324.000000,0.002944,-0.000104,0.000577,0.000244,0.001044
325.000000,0.003799,0.000209,0.000526,0.000206,-0.002090
326.000000,0.003786,0.000963,0.000946,0.000349,0.004175
327.000000,0.002730,0.000943,0.000735,0.000349,-0.001042
328.000000,0.000626,0.000943,0.000840,0.000596,0.001042
329.000000,0.000000,0.001472,0.000789,0.000774,-0.002086
330.000000,0.000000,0.001900,0.000367,0.000598,-0.002090
331.000000,0.000283,0.002034,0.000227,0.000537,0.005591
332.000000,0.000832,0.001781,0.000260,0.000383,0.001704
333.000000,0.000416,0.000521,0.000052,0.000622,-0.001039
334.000000,0.000417,0.000209,0.000052,0.000454,-0.002081
335.000000,0.000835,0.000418,0.000313,0.000490,0.000000
336.000000,0.000112,0.000198,0.000580,0.000697,0.001977
337.000000,0.000241,0.000537,0.000740,0.000669,0.002347
338.000000,0.001037,0.000727,0.000835,0.000802,0.002941
339.000000,0.002690,0.001554,0.001513,0.001044,0.006186
340.000000,0.004328,0.002581,0.002241,0.001105,0.008188
341.000000,0.003728,0.001920,0.001977,0.000792,-0.001020
342.000000,0.001827,0.001034,0.001408,0.000518,-0.007158
343.000000,0.001443,0.001240,0.000880,0.000448,0.001017
344.000000,0.000000,0.001345,0.000777,0.000483,-0.001027
345.000000,0.001017,0.002672,0.001545,0.001100,0.013272
346.000000,0.000000,0.001864,0.001031,0.001008,-0.006104
347.000000,0.002652,0.002240,0.001388,0.001240,0.006104
348.000000,0.003562,0.002502,0.001614,0.001391,0.005563
349.000000,0.005074,0.002537,0.002045,0.001854,0.006534
350.000000,0.001616,0.001316,0.001949,0.001933,-0.004016
351.000000,0.003269,0.001635,0.001777,0.001863,0.002161
352.000000,0.003817,0.003235,0.002134,0.002017,0.008845
353.000000,0.003499,0.003530,0.002385,0.001764,0.003972
354.000000,0.001796,0.003435,0.002390,0.001663,-0.001984
355.000000,0.003194,0.002405,0.002539,0.001832,0.002975
356.000000,0.002959,0.003114,0.002489,0.001725,0.000990
357.000000,0.002177,0.002997,0.002619,0.001925,0.004933
358.000000,0.002951,0.003225,0.002864,0.002151,0.007843
359.000000,0.004711,0.003253,0.002895,0.002448,0.006813
360.000000,0.004310,0.003752,0.002534,0.002550,0.000969
361.000000,0.002751,0.002855,0.002245,0.002137,-0.006806
362.000000,0.001569,0.001873,0.002554,0.002047,-0.000976
363.000000,0.000974,0.001963,0.002747,0.002244,0.004871
364.000000,-0.000388,0.002161,0.002798,0.002314,0.000000
365.000000,-0.000971,0.001669,0.002037,0.002249,-0.001946
366.000000,0.001167,0.001959,0.002537,0.002312,0.003887
367.000000,0.002523,0.002046,0.002522,0.002428,0.005803
368.000000,0.002511,0.001743,0.002484,0.002490,0.004810
369.000000,0.002127,0.000869,0.002061,0.002220,-0.001921
370.000000,0.003284,0.001156,0.002454,0.002075,0.003839
371.000000,0.003652,0.002410,0.002632,0.002300,0.005731
372.000000,0.006657,0.004590,0.003232,0.003233,0.020829
373.000000,0.004744,0.003627,0.002795,0.003040,-0.004759
374.000000,0.000768,0.001447,0.001804,0.002348,-0.021801
375.000000,-0.000768,0.001258,0.001464,0.001777,-0.003839
376.000000,-0.003071,0.000291,0.001125,0.001788,-0.005786
377.000000,-0.008595,-0.000969,0.000538,0.001358,-0.006793
378.000000,-0.009601,-0.002428,-0.000343,0.000846,-0.009785
379.000000,-0.004981,-0.002107,-0.000619,0.000672,0.001297
380.000000,-0.002730,-0.001749,-0.000296,0.001053,0.007416
381.000000,-0.003906,-0.003489,-0.000539,0.000592,-0.011667
382.000000,-0.001760,-0.005178,-0.000294,0.000428,0.003937
383.000000,0.001167,-0.004217,-0.000295,0.000458,0.004851
384.000000,0.001308,-0.001837,-0.000195,0.000591,0.002002
385.000000,0.000214,-0.001258,0.000000,0.000556,0.001949
386.000000,0.001767,-0.001070,-0.000389,0.000393,-0.003902
387.000000,0.001175,-0.000293,-0.000631,0.000261,0.000977
388.000000,-0.000382,0.000393,-0.001018,-0.000098,-0.002934
389.000000,0.000195,0.000751,-0.000678,-0.000162,0.004885
390.000000,0.000000,0.000107,-0.000821,-0.000162,0.000974
391.000000,0.000586,0.001176,-0.001156,0.000033,-0.000974
392.000000,0.000195,0.000685,-0.002246,0.000033,-0.000975
393.000000,0.000587,0.000103,-0.002057,-0.000162,-0.000976
394.000000,-0.000820,-0.000313,-0.001075,-0.000234,-0.002151
395.000000,-0.001368,-0.000684,-0.000971,-0.000228,-0.001763
396.000000,-0.005238,-0.002326,-0.001698,-0.001035,-0.020323
397.000000,-0.006343,-0.003074,-0.001683,-0.001445,-0.006504
398.000000,-0.005899,-0.002656,-0.001132,-0.001564,0.001248
399.000000,-0.006525,-0.003673,-0.001461,-0.001676,-0.005284
400.000000,-0.006173,-0.003770,-0.001832,-0.001804,0.000000
401.000000,-0.002108,-0.003673,-0.001248,-0.001995,0.000000
402.000000,0.000603,-0.002870,-0.001092,-0.002454,0.007053
403.000000,0.002153,-0.001873,-0.000885,-0.001996,0.008996
404.000000,0.001411,-0.002557,-0.001435,-0.001569,-0.008996
405.000000,0.001812,-0.002180,-0.001432,-0.001374,0.002006
406.000000,0.003011,0.000451,-0.000937,-0.000981,0.005994
407.000000,0.001640,0.001122,-0.000976,-0.000748,0.000199
408.000000,0.001190,0.001672,-0.000492,-0.000197,0.006749
409.000000,0.004173,0.002792,-0.000441,-0.000043,0.005917
410.000000,0.003772,0.002792,-0.000489,-0.000290,0.000000
411.000000,0.002573,0.002792,-0.000441,0.000098,0.000000
412.000000,0.003122,0.002381,-0.000244,0.000065,0.002946
413.000000,0.002164,0.001677,-0.000098,-0.000031,0.001959
414.000000,0.000785,0.002479,-0.000039,-0.000130,-0.000979
415.000000,0.001176,0.002474,0.000147,-0.000130,0.001957
416.000000,0.000589,0.001581,0.001016,-0.000098,-0.002937
417.000000,0.000654,0.001888,0.001505,-0.000021,0.003269
418.000000,0.001171,0.001668,0.001670,0.000228,0.004543
419.000000,0.000782,0.000784,0.001788,-0.000033,-0.002923
420.000000,-0.000002,0.000587,0.001690,-0.000130,-0.001963
421.000000,0.000978,0.000784,0.001788,-0.000033,0.001963
422.000000,-0.000262,0.000196,0.001288,-0.000098,-0.002931
423.000000,-0.001173,-0.000001,0.000838,-0.000065,-0.000010
424.000000,-0.002553,-0.000885,0.000797,-0.000321,-0.009823
425.000000,-0.002358,-0.001180,0.000647,-0.000295,-0.000989
426.000000,-0.004539,-0.001780,-0.000100,0.000084,-0.008942
427.000000,-0.004753,-0.002507,-0.000310,0.000167,-0.004000
428.000000,-0.003154,-0.002163,-0.000248,0.000392,0.007984
429.000000,-0.000594,-0.001573,-0.000395,0.000667,0.002978
430.000000,0.000790,-0.000784,-0.000098,0.000865,0.005929
431.000000,0.001590,-0.001474,-0.000345,0.000700,-0.004938
432.000000,0.000398,-0.002177,-0.000991,0.000133,-0.009960
433.000000,-0.001998,-0.002576,-0.001288,-0.000300,-0.003998
434.000000,-0.001392,-0.000993,-0.000939,0.000200,0.006006
435.000000,-0.006000,-0.002605,-0.001893,-0.000437,-0.017112
436.000000,-0.003582,-0.000996,-0.001388,-0.000398,0.007152
437.000000,-0.003000,-0.001301,-0.001904,-0.000640,-0.007051
438.000000,-0.002221,-0.002110,-0.002136,-0.000868,-0.000102
439.000000,-0.005258,-0.003325,-0.002449,-0.001372,-0.009179
440.000000,-0.002452,-0.004226,-0.002505,-0.001474,-0.003079
441.000000,-0.002652,-0.003117,-0.002296,-0.001269,0.006148
442.000000,-0.001856,-0.002428,-0.002303,-0.001470,-0.003069
443.000000,-0.002657,-0.002439,-0.002508,-0.001672,-0.004107
444.000000,0.001226,-0.002016,-0.001505,-0.001298,0.010236
445.000000,-0.001651,-0.002051,-0.002328,-0.001946,-0.017463
446.000000,-0.005174,-0.003913,-0.002454,-0.002230,-0.011464
447.000000,-0.007304,-0.004580,-0.002941,-0.002796,-0.013721
448.000000,-0.008190,-0.005424,-0.003767,-0.003232,-0.008538
449.000000,-0.014352,-0.006563,-0.004944,-0.003821,-0.020575
450.000000,-0.008618,-0.005135,-0.004680,-0.003382,0.011206
451.000000,-0.002744,-0.003959,-0.003538,-0.002850,0.017906
452.000000,0.000658,-0.003323,-0.002876,-0.002643,0.003289
453.000000,0.006330,-0.000930,-0.001685,-0.001982,0.019821
454.000000,0.011067,-0.001643,-0.001829,-0.001551,0.003110
455.000000,0.010680,0.001031,-0.000510,-0.001209,0.009274
456.000000,0.007713,0.002485,-0.000714,-0.000808,0.003072
457.000000,0.006236,0.003447,-0.000567,-0.000811,-0.004098
458.000000,0.004721,0.005525,0.000051,-0.000669,0.012245
459.000000,0.003082,0.007074,0.000255,-0.000938,-0.005084
460.000000,0.003255,0.006968,0.000917,-0.000798,0.010142
461.000000,0.004649,0.006181,0.001111,-0.000298,0.010040
462.000000,0.005469,0.005852,0.001265,0.000034,0.000000
463.000000,0.002018,0.003369,0.001220,0.000000,-0.005008
464.000000,0.004236,0.003659,0.001008,0.000000,0.006006
465.000000,0.001808,0.002532,0.001781,0.000504,-0.001998
466.000000,0.000997,0.002823,0.002654,0.000465,0.005982
467.000000,0.001392,0.003430,0.003439,0.000766,0.001976
468.000000,0.002395,0.002207,0.003866,0.000769,0.000010
469.000000,0.000000,0.002118,0.004596,0.000876,-0.005970
470.000000,-0.000200,0.000804,0.003886,0.000879,-0.002999
471.000000,-0.001441,-0.000222,0.002980,0.000667,-0.000220
472.000000,-0.001952,-0.000280,0.002786,0.000750,-0.000581
473.000000,-0.000995,0.000700,0.002035,0.001046,0.004797
474.000000,-0.000336,-0.000168,0.001746,0.000616,-0.002676
475.000000,0.000000,-0.000100,0.001216,0.001154,-0.001320
476.000000,0.000444,-0.000498,0.001162,0.001603,0.002000
477.000000,0.001358,-0.000297,0.001567,0.002193,0.003988
478.000000,0.000438,-0.000278,0.000964,0.002485,0.000199
479.000000,0.001728,0.000696,0.001407,0.003296,0.003773
480.000000,0.001198,0.000599,0.000701,0.002790,-0.003972
481.000000,-0.000600,-0.000078,-0.000150,0.001960,-0.006990
482.000000,-0.000598,0.000380,0.000050,0.001984,0.004000
483.000000,-0.000438,0.000000,0.000350,0.001357,0.000998
484.000000,-0.002393,-0.000332,-0.000250,0.001053,-0.006000
485.000000,-0.001198,0.000000,-0.000050,0.000811,0.002004
486.000000,0.000000,-0.000300,-0.000399,0.000675,-0.001002
487.000000,-0.002208,-0.001403,-0.000850,0.000577,-0.007039
488.000000,-0.006485,-0.003462,-0.001870,-0.000511,-0.020388
489.000000,-0.004668,-0.003530,-0.001417,-0.000239,0.003085
490.000000,-0.009428,-0.005313,-0.002357,-0.001303,-0.021796
491.000000,-0.010702,-0.005351,-0.002715,-0.001884,-0.007372
492.000000,-0.011206,-0.006707,-0.003164,-0.002202,-0.009559
493.000000,-0.003323,-0.004904,-0.002452,-0.001401,0.019028
494.000000,0.000820,-0.001924,-0.001128,-0.000808,0.023798
495.000000,0.006605,-0.001411,-0.000706,-0.000504,0.007132
496.000000,0.008890,-0.000906,-0.000603,-0.000568,0.004053
497.000000,0.012012,0.000403,-0.000500,-0.000432,0.006048
498.000000,0.008808,0.002743,-0.000359,-0.000332,0.003011
499.000000,0.004249,0.002534,-0.000498,-0.000100,0.001002
500.000000,0.001013,0.003809,-0.000752,-0.000302,-0.009050
501.000000,-0.000202,0.004344,-0.000504,-0.000362,-0.002022
502.000000,-0.002020,0.004996,-0.000856,-0.000444,-0.003041
503.000000,-0.002217,0.003296,-0.000804,-0.000536,0.002028
504.000000,-0.006098,-0.000925,-0.001424,-0.001060,-0.018405
505.000000,-0.004908,-0.001948,-0.001680,-0.001120,-0.003101
506.000000,-0.003060,-0.001631,-0.001268,-0.000946,0.007220
507.000000,0.000811,-0.000605,-0.000101,-0.000535,0.016310
508.000000,0.000809,-0.000704,0.001019,-0.000474,0.002020
509.000000,0.003275,-0.001411,0.000562,-0.000802,-0.006073
510.000000,0.003896,-0.000506,0.001651,-0.000670,0.000000
511.000000,0.000616,-0.001222,0.001561,-0.000743,-0.009179
512.000000,-0.004499,-0.001844,0.001576,-0.001185,-0.009264
513.000000,-0.002232,-0.000712,0.001292,-0.000773,0.013354
514.000000,-0.001122,0.001077,0.000076,-0.000591,-0.000521
515.000000,-0.000142,0.001877,-0.000036,-0.000494,0.004899
516.000000,0.005657,0.003136,0.000753,0.000200,0.019817
517.000000,0.006711,0.001106,0.000251,0.000301,-0.003992
518.000000,0.003440,0.000604,-0.000050,0.000881,-0.003005
519.000000,0.002941,0.000910,-0.000251,0.000678,-0.003014
520.000000,0.000750,0.000304,-0.000101,0.001202,-0.006055
521.000000,-0.002808,0.001424,0.000101,0.001515,0.002022
522.000000,-0.003429,0.001641,-0.000102,0.001598,-0.007096
523.000000,-0.002014,0.000713,0.000001,0.001099,0.004071
524.000000,0.000000,0.001471,0.001274,0.000541,0.007057
525.000000,0.000606,0.000678,0.001278,0.000202,-0.003023
526.000000,0.001409,-0.000700,0.001218,0.000269,0.006036
527.000000,0.003429,0.000000,0.000553,0.000167,0.003005
528.000000,0.000403,-0.000806,-0.000101,-0.000302,-0.011061
529.000000,0.000603,0.000301,0.000605,-0.000067,0.008056
530.000000,0.001808,0.001207,0.000756,0.000335,0.003005
531.000000,0.000601,0.001005,0.001215,0.000402,0.000000
532.000000,0.000599,0.002014,0.001828,0.000604,0.002996
533.000000,0.003011,0.001707,0.001210,0.000569,0.000997
534.000000,0.001598,0.001101,0.001286,0.001216,0.000996
535.000000,0.001363,0.001586,0.001132,0.001380,0.001829
536.000000,0.001395,0.000998,0.000149,0.001145,0.000159
537.000000,0.001391,0.000995,0.000498,0.000700,0.002975
538.000000,0.001587,0.002299,0.000747,0.000699,0.001978
539.000000,0.001586,0.001592,0.000947,0.000934,0.000988
540.000000,0.001614,0.001489,0.001348,0.001000,0.001972
541.000000,0.000613,0.001004,0.001004,0.001144,-0.004849
542.000000,0.000988,0.001189,0.001602,0.001615,0.004849
543.000000,-0.000198,0.000695,0.001201,0.001038,-0.003949
544.000000,-0.000990,0.000298,0.000699,0.000956,-0.002972
545.000000,-0.001188,0.000213,0.000900,0.000826,0.000982
546.000000,-0.003212,-0.001299,-0.000151,-0.000334,-0.014968
547.000000,-0.004383,-0.001697,-0.000351,-0.000234,-0.001007
548.000000,-0.005821,-0.003009,-0.000355,-0.000505,-0.011139
549.000000,-0.007276,-0.004133,-0.001270,-0.000746,-0.010246
550.000000,-0.005627,-0.003407,-0.000959,-0.000237,0.009227
551.000000,-0.003246,-0.003229,-0.001112,-0.000407,-0.003063
552.000000,-0.001415,-0.002899,-0.000855,0.000102,0.008147
553.000000,0.000000,-0.002910,-0.001108,-0.000170,-0.004065
554.000000,0.004076,-0.001600,-0.000651,-0.000067,0.010132
555.000000,0.001624,-0.002001,-0.000894,-0.000067,-0.003029
556.000000,0.004249,0.000502,-0.000399,0.000067,0.010060
557.000000,0.003618,0.001102,-0.000298,0.000133,0.004993
558.000000,0.002429,0.001215,-0.000897,0.000168,-0.010010
559.000000,-0.000606,0.001735,-0.001199,-0.000269,-0.005043
560.000000,-0.000405,0.000610,-0.001399,-0.000436,-0.002024
561.000000,-0.001205,0.001522,-0.000853,-0.000234,0.006061
562.000000,0.000795,0.002207,-0.000346,0.000166,0.014993
563.000000,0.002400,0.002415,-0.000248,0.000066,-0.001986
564.000000,0.002212,0.000803,-0.000398,-0.000166,-0.005982
565.000000,0.002217,0.000906,-0.000548,-0.000294,-0.002002
566.000000,0.003791,0.001293,0.000897,0.000165,0.013931
567.000000,0.002171,0.001483,0.001292,0.000296,0.006893
568.000000,0.000199,0.001299,0.001257,-0.000165,-0.011846
569.000000,0.002386,0.002299,0.002017,-0.000033,0.004953
570.000000,0.003181,0.002699,0.001654,-0.000033,0.001974
571.000000,0.000198,0.001994,0.001758,0.000096,-0.000987
572.000000,-0.000785,0.000693,0.001450,0.000000,0.001982
573.000000,0.002763,0.001481,0.001948,0.000328,0.005894
574.000000,0.001771,0.002078,0.001441,0.000427,-0.000010
575.000000,-0.000197,0.001492,0.001199,0.000132,-0.007866
576.000000,0.000394,0.000296,0.000794,0.000697,0.001972
577.000000,0.000392,-0.000196,0.000643,0.000796,0.001969
578.000000,0.000389,0.001576,0.001438,0.001363,0.005882
579.000000,0.000196,0.000983,0.001641,0.001672,-0.000978
580.000000,0.001965,0.000884,0.001791,0.001397,0.000978
581.000000,0.000983,0.000689,0.001341,0.001402,-0.002937
582.000000,0.001988,0.001190,0.000941,0.001363,0.006995
583.000000,0.000586,0.000488,0.000984,0.001461,-0.001130
584.000000,-0.001572,-0.000688,0.000695,0.000731,-0.011765
585.000000,-0.000333,0.000816,0.001154,0.001071,0.007173
586.000000,0.000783,0.000883,0.000589,0.000824,0.002640
587.000000,-0.002776,-0.000394,-0.000295,0.000297,-0.010800
588.000000,-0.003738,-0.001576,0.000000,0.000433,-0.005941
589.000000,0.000000,-0.000786,0.000099,0.000832,0.006927
590.000000,-0.001632,-0.000982,-0.000049,0.000867,-0.000987
591.000000,-0.000979,-0.000098,0.000295,0.000862,0.005906
592.000000,0.001181,-0.000798,0.000196,0.000362,0.000000
593.000000,0.000989,-0.001375,-0.000444,0.000198,-0.006903
594.000000,0.001180,0.000590,-0.000049,0.000660,0.007884
595.000000,0.001769,0.000069,0.000442,0.000792,0.001959
596.000000,0.001564,0.000293,0.000588,0.000490,0.004880
597.000000,0.001953,0.001567,0.000587,0.000326,0.001946
598.000000,0.002555,0.001772,0.000098,0.000591,-0.003895
599.000000,0.000980,0.001080,0.000147,0.000426,0.000010
600.000000,0.001947,0.001858,0.000438,0.000587,0.006796
601.000000,-0.001172,0.000196,0.000049,0.000262,-0.010716
602.000000,-0.000584,0.000685,-0.000056,0.000359,0.004885
603.000000,0.001748,0.002152,0.000388,0.000421,0.007767
604.000000,0.001359,0.001170,0.000880,0.000357,-0.001936
605.000000,0.001929,0.001938,0.001003,0.000941,0.009643
606.000000,0.003688,0.001258,0.000775,0.000811,-0.001921
607.000000,0.002711,0.001063,0.001315,0.000745,0.000000
608.000000,0.000193,0.000971,0.001371,0.000389,-0.004819
609.000000,-0.000194,0.000583,0.000831,0.000292,-0.003872
610.000000,-0.003680,-0.000876,0.000491,0.000000,-0.007790
611.000000,-0.004866,-0.000589,-0.000197,-0.000164,-0.007851
612.000000,-0.004276,-0.000783,-0.000049,-0.000299,0.002951
613.000000,-0.003116,-0.001461,0.000345,-0.000228,0.000982
614.000000,-0.003325,-0.001760,-0.000295,0.000000,-0.004919
615.000000,-0.001767,-0.002724,-0.000393,-0.000239,0.000000
616.000000,-0.000197,-0.002532,-0.000637,-0.000327,0.000000
617.000000,-0.001380,-0.002828,-0.000882,-0.000066,-0.002963
618.000000,-0.000984,-0.002050,-0.000539,0.000231,0.002963
619.000000,-0.000298,-0.001812,-0.000614,-0.000050,-0.001490
620.000000,0.000787,-0.000490,-0.000683,0.000164,0.005427
621.000000,-0.000593,-0.000395,-0.000492,-0.000263,-0.006900
622.000000,0.000198,-0.000591,-0.000687,-0.000230,0.000989
623.000000,-0.002062,-0.001523,-0.001492,-0.000278,-0.008335
624.000000,0.001870,0.000786,-0.000487,0.000065,0.018168
625.000000,-0.006388,-0.002800,-0.002762,-0.001195,-0.035860
626.000000,-0.004198,-0.002395,-0.002464,-0.001223,0.004049
627.000000,-0.002987,-0.001394,-0.002111,-0.001053,0.007046
628.000000,-0.002325,-0.002194,-0.002122,-0.001091,-0.005028
629.000000,-0.007172,-0.002651,-0.002231,-0.001293,-0.006067
630.000000,-0.001834,-0.004111,-0.002300,-0.001826,-0.009170
631.000000,-0.002848,-0.003523,-0.001959,-0.001503,-0.001024
632.000000,-0.004873,-0.003930,-0.002261,-0.001768,-0.003079
633.000000,-0.003457,-0.002891,-0.002207,-0.001958,0.002053
634.000000,-0.002039,-0.004605,-0.001910,-0.001860,0.001025
635.000000,0.000613,-0.000610,-0.001705,-0.002045,0.004090
636.000000,0.000409,-0.001220,-0.001807,-0.002049,-0.002043
637.000000,0.000821,-0.002026,-0.001710,-0.002083,-0.001023
638.000000,0.000266,-0.001595,-0.001894,-0.001946,-0.000717
639.000000,0.000430,-0.000804,-0.001728,-0.001756,0.001842
640.000000,-0.002004,-0.000695,-0.002403,-0.001765,-0.008079
641.000000,-0.002469,-0.001030,-0.002277,-0.001649,-0.004369
642.000000,-0.002681,-0.000930,-0.002430,-0.001817,-0.002083
643.000000,-0.004558,-0.002146,-0.002519,-0.002187,-0.010103
644.000000,-0.007097,-0.003334,-0.003970,-0.002384,-0.010852
645.000000,-0.004425,-0.003214,-0.001912,-0.002208,0.005283
646.000000,-0.002710,-0.002589,-0.001905,-0.002068,0.004206
647.000000,-0.002924,-0.002802,-0.002414,-0.002074,-0.003153
648.000000,0.000565,-0.001997,-0.001796,-0.001928,0.007341
649.000000,0.002317,-0.002390,-0.001597,-0.001949,-0.002092
650.000000,0.001679,-0.001373,-0.001034,-0.002060,0.002092
651.000000,0.002503,-0.000104,-0.000567,-0.001552,0.008325
652.000000,0.000840,-0.001042,-0.000986,-0.001967,-0.011464
653.000000,-0.001266,-0.000351,-0.001248,-0.001796,-0.003192
654.000000,-0.000835,0.000741,-0.001296,-0.002399,0.000063
655.000000,-0.003798,-0.001059,-0.002137,-0.001628,-0.012720
656.000000,-0.006530,-0.002014,-0.002302,-0.001941,-0.005339
657.000000,-0.005096,-0.002128,-0.002465,-0.002319,-0.004292
658.000000,-0.002106,-0.001686,-0.001841,-0.001759,0.011759
659.000000,-0.002757,-0.001796,-0.002093,-0.001664,-0.003193
660.000000,-0.000213,-0.002005,-0.001689,-0.001358,0.000000
661.000000,-0.000214,-0.003372,-0.001738,-0.001502,-0.005345
662.000000,-0.003471,-0.004283,-0.002663,-0.002085,-0.020575
663.000000,-0.010695,-0.006401,-0.003376,-0.002966,-0.024364
664.000000,-0.019223,-0.010990,-0.005125,-0.004528,-0.045833
665.000000,-0.020646,-0.010430,-0.005744,-0.004901,-0.007114
666.000000,-0.015598,-0.007906,-0.004960,-0.004170,0.019895
667.000000,-0.007809,-0.005640,-0.003884,-0.003523,0.018370
668.000000,-0.002209,-0.006452,-0.004069,-0.003378,0.003634
669.000000,0.007365,-0.005929,-0.003863,-0.003372,0.002038
670.000000,0.004442,-0.008102,-0.005054,-0.003827,-0.021728
671.000000,0.002808,-0.006395,-0.004884,-0.003290,0.011723
672.000000,-0.000912,-0.004361,-0.004322,-0.003229,-0.000229
673.000000,-0.004401,-0.003305,-0.004853,-0.003352,-0.013809
674.000000,-0.000907,0.003229,-0.003881,-0.002340,0.019507
675.000000,0.000692,0.002567,-0.003931,-0.002974,-0.013730
676.000000,-0.002345,0.000231,-0.003837,-0.003230,-0.003462
677.000000,-0.001344,-0.001128,-0.003384,-0.002965,0.004775
678.000000,-0.000185,-0.002293,-0.004373,-0.003477,-0.008017
679.000000,-0.002746,-0.001827,-0.003878,-0.003184,0.006704
680.000000,0.001652,0.001172,-0.003465,-0.002978,0.008261
681.000000,0.002406,0.000031,-0.003182,-0.003246,0.000308
682.000000,-0.001418,-0.001381,-0.002871,-0.003342,-0.014346
683.000000,0.002719,0.001267,-0.001019,-0.002813,0.012666
684.000000,-0.000692,-0.001719,0.000755,-0.003160,-0.010351
685.000000,-0.003502,-0.000925,0.000821,-0.002929,-0.005785
686.000000,-0.003333,-0.000464,-0.000116,-0.002713,0.001150
687.000000,-0.002989,-0.002203,-0.001666,-0.002990,-0.012623
688.000000,-0.010331,-0.003806,-0.003050,-0.004184,-0.024046
689.000000,-0.008985,-0.004839,-0.003333,-0.004198,-0.003621
690.000000,-0.005424,-0.004463,-0.001645,-0.003798,0.012019
691.000000,-0.005177,-0.004255,-0.002112,-0.003540,0.002387
692.000000,-0.002657,-0.002823,-0.002102,-0.002855,-0.000024
693.000000,0.006402,-0.001964,-0.000349,-0.001334,0.021251
694.000000,0.007826,-0.000580,-0.001149,0.000310,0.003494
695.000000,0.007274,0.000925,0.000000,0.000856,0.009259
696.000000,0.010223,0.002523,0.001030,0.000764,0.017133
697.000000,0.011807,0.004575,0.001186,0.000415,0.007896
698.000000,0.007781,0.007092,0.001643,0.000331,0.001123
699.000000,0.006633,0.007229,0.001195,0.000188,-0.002247
700.000000,0.002250,0.004762,0.000149,0.000490,-0.012656
701.000000,0.002476,0.006350,0.001047,0.000708,0.018264
702.000000,0.001076,0.006441,0.001809,0.000746,0.000894
703.000000,0.001565,0.004673,0.001354,0.001325,0.003570
704.000000,0.002903,0.004768,0.002094,0.000823,0.004444
705.000000,0.004991,0.003620,0.002273,0.001207,-0.002220
706.000000,0.004644,0.003560,0.003041,0.001873,0.016529
707.000000,0.006639,0.003857,0.004216,0.002076,0.010870
708.000000,0.004187,0.002876,0.004984,0.002054,-0.008686
709.000000,0.000000,0.001452,0.004340,0.001281,-0.016493
710.000000,0.002210,0.003600,0.004181,0.001300,0.008830
711.000000,-0.000876,0.001884,0.004117,0.001326,0.001098
712.000000,-0.002612,0.002014,0.004227,0.001877,0.002193
713.000000,0.001088,0.002638,0.003655,0.001782,0.009809
714.000000,0.005386,0.002693,0.003731,0.002294,0.004998
715.000000,0.002403,0.002307,0.002963,0.002284,-0.006084
716.000000,0.001749,0.000436,0.001998,0.002173,-0.002174
717.000000,0.000438,-0.001087,0.001385,0.002448,-0.004362
718.000000,-0.004386,-0.001649,0.000614,0.002773,-0.014310
719.000000,-0.005164,0.000111,0.000781,0.002931,0.001108
720.000000,-0.004835,-0.001216,0.001192,0.002382,-0.004440
721.000000,-0.006863,-0.002557,-0.000337,0.001892,-0.012311
722.000000,-0.007346,-0.003454,-0.000720,0.001667,-0.006780
723.000000,-0.004031,-0.004209,-0.000786,0.001034,0.002265
724.000000,-0.004670,-0.004917,-0.001112,0.000848,-0.002084
725.000000,-0.000669,-0.002752,-0.000223,0.001058,0.015567
726.000000,0.000675,-0.003094,-0.001329,0.000301,-0.005596
727.000000,0.002030,-0.002658,-0.001872,0.000037,0.000000
728.000000,0.002026,-0.001003,-0.001326,0.000075,0.002242
729.000000,0.002666,-0.001002,-0.000445,0.000187,0.001119
730.000000,0.000223,-0.000223,-0.000719,0.000720,0.003350
731.000000,0.002897,0.001786,-0.000386,0.000371,0.007773
732.000000,0.002008,0.002019,-0.000718,0.000193,-0.004446
733.000000,0.002449,0.002237,-0.000986,0.000222,0.004446
734.000000,0.000000,0.001333,-0.001792,-0.000297,-0.011124
735.000000,-0.003522,-0.001650,-0.002201,-0.000698,-0.014262
736.000000,-0.002225,0.000336,-0.001379,-0.000774,0.014262
737.000000,-0.003986,-0.000989,-0.001824,-0.001578,-0.013253
738.000000,-0.004022,-0.000787,-0.000895,-0.001146,0.004264
739.000000,-0.005673,-0.002836,-0.001919,-0.001242,-0.019374
740.000000,-0.004438,-0.003980,-0.002101,-0.001806,-0.008088
741.000000,-0.010565,-0.006395,-0.002305,-0.002389,-0.016375
742.000000,-0.008387,-0.006186,-0.002084,-0.002541,-0.002361
743.000000,-0.006423,-0.005223,-0.001493,-0.002398,0.014085
744.000000,0.000918,-0.002377,-0.000522,-0.001987,0.017331
745.000000,0.000695,-0.001871,-0.001761,-0.002091,-0.009206
746.000000,0.003043,-0.003761,-0.001712,-0.002173,-0.004635
747.000000,0.003515,-0.002436,-0.001712,-0.002028,0.000000
748.000000,0.002548,-0.001937,-0.001362,-0.001242,0.009249
749.000000,0.002051,0.001485,-0.000676,-0.000784,0.014849
750.000000,0.003938,0.002316,-0.000832,-0.000629,0.000227
751.000000,0.005273,0.004158,-0.001119,-0.000150,0.002038
752.000000,0.005950,0.004733,-0.000727,0.000188,0.003388
753.000000,0.003875,0.003211,-0.001006,0.000075,-0.001128
754.000000,0.000000,0.001026,-0.000676,-0.000006,-0.004525
755.000000,-0.002555,0.000691,-0.000590,-0.000943,-0.012550
756.000000,-0.002963,0.001155,-0.001303,-0.000757,0.000000
757.000000,-0.003182,0.001384,-0.000526,-0.000680,0.002294
758.000000,-0.005957,-0.001041,-0.001489,-0.001255,-0.015003
759.000000,-0.006921,-0.003461,-0.000988,-0.001604,-0.009346
760.000000,-0.006298,-0.004427,-0.001055,-0.002030,-0.009434
761.000000,-0.006772,-0.004868,-0.000355,-0.002368,-0.002372
762.000000,-0.013015,-0.008098,-0.001683,-0.003184,-0.028918
763.000000,-0.007584,-0.006770,-0.001780,-0.002927,0.012151
764.000000,-0.012345,-0.009633,-0.004304,-0.003661,-0.033152
765.000000,-0.016800,-0.011549,-0.005429,-0.004243,-0.031708
766.000000,-0.020756,-0.013764,-0.006305,-0.005457,-0.022151
767.000000,-0.013921,-0.013468,-0.006042,-0.004840,0.005256
768.000000,-0.010666,-0.009125,-0.005083,-0.004034,0.028426
769.000000,-0.004290,-0.008318,-0.005889,-0.003431,-0.001275
770.000000,0.005842,-0.005479,-0.004953,-0.002530,0.018952
771.000000,0.008259,-0.006248,-0.005558,-0.002319,-0.010063
772.000000,0.011955,-0.000983,-0.004541,-0.001450,0.023736
773.000000,0.007501,-0.001583,-0.004176,-0.001714,0.006154
774.000000,0.007756,0.001733,-0.003950,-0.002292,0.000000
775.000000,0.001993,0.003917,-0.003816,-0.002314,-0.009864
776.000000,0.004994,0.006627,-0.003569,-0.001994,0.004944
777.000000,-0.000494,0.005730,-0.003869,-0.002118,-0.003706
778.000000,-0.003965,0.001768,-0.003679,-0.002799,-0.011201
779.000000,-0.006738,0.000509,-0.003904,-0.003756,-0.013863
780.000000,-0.005528,-0.001768,-0.003623,-0.003891,-0.003814
781.000000,-0.007795,-0.001400,-0.003824,-0.004172,-0.006390
782.000000,-0.011199,-0.005847,-0.003415,-0.004976,-0.020726
783.000000,-0.006616,-0.005291,-0.003437,-0.004548,0.011711
784.000000,-0.002297,-0.004518,-0.001392,-0.004139,0.007732
785.000000,0.002532,-0.001498,0.001209,-0.003043,0.020331
786.000000,0.006061,-0.000867,0.002880,-0.002668,0.011257
787.000000,0.010703,-0.000248,0.002741,-0.002662,0.002484
788.000000,0.010336,0.001860,0.001814,-0.001832,0.009877
789.000000,0.006069,0.001886,0.001197,-0.001974,-0.013606
790.000000,0.003491,0.003012,0.000622,-0.001412,0.007444
791.000000,0.005641,0.005851,0.002225,-0.000599,0.022006
792.000000,0.004417,0.007560,0.000857,0.000244,-0.003634
793.000000,0.001713,0.006024,0.000367,-0.000283,-0.003647
794.000000,0.008707,0.007388,0.001435,0.001534,0.021366
795.000000,0.008115,0.005803,0.002152,0.002741,0.004485
796.000000,0.005486,0.005564,0.002348,0.003774,0.008863
797.000000,0.009247,0.006832,0.003292,0.004105,0.015167
798.000000,0.010672,0.006192,0.004026,0.003273,0.003482
799.000000,0.003374,0.006040,0.003963,0.002812,-0.015125
800.000000,0.004344,0.006230,0.004621,0.002491,0.009335
801.000000,0.004189,0.004838,0.005344,0.003096,0.008086
802.000000,0.004358,0.006802,0.007181,0.002839,0.016012
803.000000,0.002752,0.006712,0.006368,0.002482,-0.004545
804.000000,0.004864,0.004119,0.005753,0.002330,-0.004566
805.000000,0.005046,0.004695,0.005249,0.003000,0.010245
806.000000,0.005457,0.004823,0.005193,0.003173,0.010141
807.000000,0.003150,0.003754,0.005293,0.003446,0.004474
808.000000,0.004284,0.003518,0.004855,0.003857,0.001127
809.000000,0.006750,0.005807,0.005924,0.004578,0.007762
810.000000,0.000904,0.002975,0.004602,0.004072,-0.018984
811.000000,-0.001350,0.002054,0.003446,0.004247,-0.001128
812.000000,-0.001119,0.001015,0.003909,0.005126,0.005627
813.000000,0.000666,0.002475,0.004594,0.005071,0.010050
814.000000,0.001981,0.004366,0.004242,0.005291,0.014341
815.000000,0.005458,0.003181,0.003938,0.004560,-0.001600
816.000000,0.004905,0.001778,0.003300,0.004055,-0.003891
817.000000,0.003560,0.001220,0.002487,0.003935,-0.001102
818.000000,-0.001786,-0.000560,0.001479,0.003050,-0.016676
819.000000,-0.000658,0.000662,0.003234,0.004170,0.019978
820.000000,-0.003015,0.001221,0.002098,0.003475,-0.013386
821.000000,0.001120,0.003013,0.002533,0.003301,0.016787
822.000000,0.001538,0.002549,0.001782,0.003455,0.000985
823.000000,0.005964,0.002089,0.002282,0.003759,0.005456
824.000000,0.001314,0.000328,0.002347,0.002938,-0.003270
825.000000,0.003992,0.000488,0.001835,0.002788,0.000000
826.000000,0.001288,0.001204,0.001491,0.002602,0.003270
827.000000,0.005610,0.003574,0.002397,0.002849,0.022594
828.000000,0.002809,0.004387,0.001913,0.002448,-0.008547
829.000000,0.004108,0.002711,0.001686,0.003060,0.003224
830.000000,0.003892,0.003942,0.002582,0.002713,-0.001081
831.000000,0.003024,0.002156,0.002584,0.002408,-0.001071
832.000000,-0.002354,0.001628,0.002088,0.001731,-0.004296
833.000000,0.000000,0.001405,0.001747,0.001990,0.003224
834.000000,0.002759,0.003434,0.001881,0.002709,0.017022
835.000000,0.001918,0.002905,0.001697,0.002191,-0.005288
836.000000,0.001465,0.002244,0.001724,0.001742,-0.003335
837.000000,0.002777,0.000211,0.001893,0.001668,0.002264
838.000000,0.000497,0.000249,0.002318,0.001358,-0.008176
839.000000,-0.004265,-0.000753,0.000979,0.000873,-0.006787
840.000000,-0.002349,-0.000215,0.001863,0.001649,0.004290
841.000000,-0.001682,-0.000108,0.001024,0.001687,0.000000
842.000000,-0.000951,0.000913,0.001270,0.001696,0.005916
843.000000,0.003329,0.001913,0.001659,0.001802,0.013224
844.000000,0.000215,-0.002025,0.000705,0.000579,-0.022353
845.000000,-0.000213,-0.001281,0.000812,0.000704,0.002151
846.000000,0.000217,-0.000733,0.000756,0.000905,0.002146
847.000000,0.000102,-0.000424,-0.000106,0.001120,0.005345
848.000000,-0.003183,0.000073,0.000161,0.001569,-0.003203
849.000000,0.000215,0.000215,-0.000269,0.000725,-0.005362
850.000000,0.000429,0.000108,-0.000054,0.001278,0.003221
851.000000,0.003190,0.001703,0.000797,0.001250,0.015949
852.000000,0.001487,0.000795,0.000854,0.001112,-0.003170
853.000000,0.003814,0.000315,0.001114,0.001211,0.008430
854.000000,0.004886,0.002551,0.000263,0.001320,0.000000
855.000000,0.004137,0.002283,0.000501,0.001302,-0.000525
856.000000,0.001262,0.002226,0.000747,0.001246,0.001574
857.000000,0.002315,0.001901,0.000738,0.000563,0.002094
858.000000,0.001047,0.002430,0.001251,0.000917,0.002090
859.000000,0.001047,0.002966,0.001591,0.000810,0.000000
860.000000,0.001569,0.002853,0.001481,0.000915,0.002086
861.000000,0.004150,0.002706,0.002204,0.001434,0.014478
862.000000,0.003114,0.002714,0.001754,0.001474,-0.003085
863.000000,0.002490,0.001768,0.001042,0.001332,-0.001030
864.000000,0.002492,0.001769,0.002160,0.000765,0.000010
865.000000,0.001866,0.001717,0.002000,0.000907,-0.001042
866.000000,-0.002896,0.000627,0.001426,0.000707,-0.009331
867.000000,-0.003323,-0.000105,0.000898,0.000457,-0.005222
868.000000,-0.003324,-0.000417,0.001006,0.000695,-0.001037
869.000000,-0.001658,0.000417,0.001691,0.001199,0.008340
870.000000,-0.002217,-0.000175,0.001339,0.000929,-0.003833
871.000000,0.001453,-0.000721,0.000992,0.001229,0.009017
872.000000,0.001876,-0.000724,0.000995,0.000928,-0.003107
873.000000,0.003324,0.000000,0.000884,0.000694,0.006205
874.000000,0.005334,0.001838,0.001803,0.002052,0.018387
875.000000,0.002835,0.000309,0.001013,0.001437,-0.016327
876.000000,-0.007159,-0.002853,-0.001113,0.000000,-0.040951
877.000000,-0.001460,0.000208,0.000052,0.000668,0.025388
878.000000,0.001028,0.002176,0.000879,0.001396,0.018645
879.000000,0.001613,0.003473,0.001945,0.002285,0.021310
880.000000,0.003872,0.003353,0.001589,0.002010,-0.005033
881.000000,0.008190,0.000516,-0.000103,0.000833,-0.019359
882.000000,0.004343,0.001442,0.000359,0.001144,0.006154
883.000000,0.001838,0.001433,0.000716,0.001067,0.006116
884.000000,-0.002018,-0.000203,0.000817,0.001135,0.002030
885.000000,-0.000507,0.001682,0.000996,0.001236,0.002522
886.000000,0.005279,0.006735,0.001941,0.001503,0.009575
887.000000,0.002439,0.003391,0.001800,0.001165,-0.008048
888.000000,0.001619,0.001729,0.001952,0.001163,0.002018
889.000000,0.000405,-0.000806,0.001333,0.001028,-0.004040
890.000000,0.000709,0.000101,0.001727,0.001093,0.004040
891.000000,-0.001206,0.002037,0.001276,0.000610,0.000000
892.000000,0.001409,0.001924,0.001683,0.000881,0.005028
893.000000,0.000604,0.001112,0.001272,0.000848,-0.002008
894.000000,0.002616,0.001511,0.000654,0.001049,0.006022
895.000000,0.001406,0.001058,0.001370,0.001016,-0.002010
896.000000,0.002006,0.000400,0.003567,0.001427,0.002999
897.000000,-0.000201,0.000604,0.001998,0.001401,-0.006006
898.000000,0.000402,0.000503,0.001116,0.001469,0.001004
899.000000,0.000397,0.001507,0.000350,0.001391,0.006000
900.000000,0.000799,0.001103,0.000602,0.001519,0.000000
901.000000,-0.000400,0.000803,0.001420,0.001119,-0.002996
902.000000,0.000401,0.000100,0.001012,0.001155,-0.002002
903.000000,-0.001006,-0.000302,0.000405,0.000748,-0.006030
904.000000,-0.000399,-0.000001,0.000755,0.000436,0.009032
905.000000,0.000597,0.000698,0.000878,0.001146,0.004983
906.000000,0.001196,0.000398,0.000399,0.002511,0.000000
907.000000,0.000200,0.000301,0.000452,0.001432,-0.006983
908.000000,0.003002,0.000998,0.000750,0.001076,0.007976
909.000000,0.001195,0.000398,0.000952,0.000366,0.000000
910.000000,0.000794,0.000695,0.000899,0.000633,0.002975
911.000000,0.000000,0.000598,0.000701,0.001146,-0.003968
912.000000,0.001992,0.001096,0.000598,0.001040,0.002978
913.000000,0.000595,0.001798,0.000748,0.000869,0.000991
914.000000,0.000563,0.000879,0.000439,0.000796,-0.000158
915.000000,0.000198,0.000496,0.000597,0.000751,0.001148
916.000000,0.001915,0.000958,0.000678,0.000585,0.004618
917.000000,0.000594,0.001293,0.000797,0.000733,-0.003630
918.000000,0.000198,0.000396,0.000697,0.000632,-0.000989
919.000000,-0.000563,0.000000,0.000199,0.000635,-0.003964
920.000000,-0.000198,0.000000,0.000348,0.000599,0.002975
921.000000,-0.001122,0.000397,0.000498,0.000599,0.000000
922.000000,-0.001655,-0.000531,0.000283,0.000222,-0.006297
923.000000,-0.001986,-0.000894,0.000452,0.000201,-0.002644
924.000000,0.000000,-0.000282,0.000299,0.000199,0.005966
925.000000,-0.000396,-0.000297,0.000099,0.000299,0.000993
926.000000,-0.002792,-0.001957,-0.000500,-0.000200,-0.011976
927.000000,-0.001131,-0.001393,-0.000050,0.000067,0.002006
928.000000,-0.003835,-0.002910,-0.001257,-0.000505,-0.016162
929.000000,-0.004012,-0.002006,-0.001003,-0.000536,0.005079
930.000000,-0.008305,-0.004351,-0.002175,-0.001218,-0.020472
931.000000,-0.006739,-0.004765,-0.002184,-0.001257,-0.004145
932.000000,-0.005898,-0.003514,-0.002023,-0.000983,0.006211
933.000000,-0.002665,-0.003250,-0.002072,-0.000782,0.000000
934.000000,-0.003269,-0.003640,-0.001961,-0.001014,0.002062
935.000000,0.001031,-0.003637,-0.001967,-0.001146,0.001029
936.000000,0.002272,-0.002234,-0.002095,-0.001078,0.002055
937.000000,0.002869,-0.001514,-0.001454,-0.000538,0.009198
938.000000,0.002053,-0.000306,-0.001608,-0.000940,-0.004077
939.000000,0.000000,-0.001634,-0.001820,-0.001213,-0.008205
940.000000,0.001435,0.001233,-0.001559,-0.001039,0.008205
941.000000,0.002652,0.002462,-0.001152,-0.000636,0.008138
942.000000,0.000812,0.001841,-0.000837,-0.000735,0.000000
943.000000,0.002235,0.002144,-0.000553,-0.000667,0.003035
944.000000,0.004078,0.002039,-0.000801,-0.000628,0.001010
945.000000,0.000000,0.000718,-0.001460,-0.001072,-0.012183
946.000000,-0.001220,0.000716,-0.000759,-0.001158,0.002041
947.000000,-0.001832,-0.000510,-0.001012,-0.001139,-0.003063
948.000000,-0.002030,0.000102,-0.000102,-0.001038,0.002043
949.000000,-0.001823,0.001128,-0.000253,-0.000838,0.002049
950.000000,-0.002467,-0.001233,0.000000,-0.001450,-0.015403
951.000000,-0.002462,-0.001841,0.000311,-0.001381,0.002066
952.000000,-0.003299,-0.002566,-0.000363,-0.001413,-0.007250
953.000000,-0.004541,-0.003286,-0.000571,-0.001464,-0.004167
954.000000,-0.005160,-0.003491,-0.000726,-0.001698,-0.001044
955.000000,-0.000414,-0.001440,-0.000361,-0.001453,0.008325
956.000000,0.000012,-0.001225,-0.000254,-0.000914,0.004198
957.000000,0.000378,-0.001461,-0.000985,-0.001162,-0.005422
958.000000,0.001456,-0.001542,-0.000720,-0.000582,0.001224
959.000000,0.002492,-0.001334,-0.000103,-0.000614,0.004137
960.000000,0.000621,0.000103,-0.000565,0.000034,-0.001033
961.000000,-0.000633,-0.000310,-0.001075,0.000104,-0.002068
962.000000,-0.000378,0.000000,-0.001283,-0.000242,-0.004149
963.000000,-0.001665,-0.000104,-0.001695,-0.000415,-0.005211
964.000000,-0.002911,-0.000209,-0.001850,-0.000554,-0.002092
965.000000,-0.004176,-0.001777,-0.001609,-0.000833,-0.007357
966.000000,-0.005670,-0.003151,-0.002188,-0.001220,-0.009539
967.000000,-0.006521,-0.003449,-0.002455,-0.001807,-0.008406
968.000000,-0.006370,-0.004017,-0.002780,-0.001819,-0.004456
969.000000,-0.002954,-0.002932,-0.002133,-0.001046,0.014990
970.000000,-0.001695,-0.002935,-0.001416,-0.001355,-0.001063
971.000000,0.003170,-0.001250,-0.000780,-0.001134,0.014784
972.000000,0.003800,-0.001361,-0.000680,-0.001309,-0.005255
973.000000,0.003635,-0.001368,-0.000736,-0.001586,-0.005283
974.000000,0.001271,-0.000841,-0.000525,-0.001514,0.003173
975.000000,0.002810,0.000558,-0.000610,-0.000887,0.006631
976.000000,-0.000840,0.001165,-0.000993,-0.001070,-0.003468
977.000000,0.000421,0.002110,-0.000670,-0.000933,0.001052
978.000000,0.001057,0.002346,-0.000836,-0.001071,-0.002105
979.000000,0.002310,0.001790,-0.000571,-0.000825,0.009439
980.000000,0.001817,0.002313,-0.000311,-0.000173,0.004167
981.000000,0.002510,0.000835,-0.000207,-0.000242,0.000000
982.000000,0.003337,0.001879,0.000259,0.000173,0.005184
983.000000,0.004377,0.002717,0.000675,0.000415,0.003098
984.000000,0.002283,0.002297,0.000728,0.000415,-0.001031
985.000000,0.001656,0.001737,0.001147,0.000172,0.001031
986.000000,0.001037,0.001774,0.001469,-0.000071,-0.003098
987.000000,0.000413,0.001875,0.001993,0.000179,0.002066
988.000000,0.001233,0.002805,0.002575,0.000378,0.007198
989.000000,0.001644,0.001964,0.001877,0.000274,0.001024
990.000000,0.003880,0.002768,0.002541,0.000715,0.012208
991.000000,0.004701,0.002869,0.001852,0.000818,0.001011
992.000000,0.004692,0.002552,0.002216,0.001024,0.002018
993.000000,0.004779,0.003006,0.002861,0.001452,0.007632
994.000000,0.004854,0.003249,0.002773,0.001568,0.001400
995.000000,-0.000002,0.001939,0.001838,0.001411,-0.012071
996.000000,-0.000202,0.002250,0.002012,0.001729,0.000010
997.000000,-0.000606,0.002043,0.001959,0.002009,0.000000
998.000000,-0.001325,0.001727,0.002266,0.002293,0.004036
999.000000,-0.001202,0.001826,0.001895,0.001860,0.002012
1000.000000,0.001212,0.000605,0.001686,0.001895,0.000000
1001.000000,0.001272,0.000535,0.001702,0.001413,0.000312
1002.000000,0.000807,0.000101,0.001327,0.001511,-0.002324
1003.000000,0.000603,-0.000361,0.001323,0.001787,0.003017
1004.000000,0.000802,-0.000200,0.001525,0.001782,0.003008
1005.000000,0.001602,0.001407,0.001673,0.001694,0.003996
1006.000000,0.000440,0.000856,0.001553,0.001626,-0.005499
1007.000000,0.002402,0.001605,0.001824,0.001841,0.007491
1008.000000,0.002792,0.001697,0.001712,0.002077,0.004963
1009.000000,0.002981,0.001892,0.001859,0.001894,0.003953
1010.000000,0.002772,0.002187,0.001396,0.001853,0.002954
1011.000000,0.002788,0.001614,0.001074,0.001673,-0.005423
1012.000000,0.001190,0.001796,0.000949,0.001483,-0.000494
1013.000000,-0.000993,0.000900,0.000269,0.001182,-0.005952
1014.000000,-0.002381,0.000300,0.000050,0.001116,-0.002990
1015.000000,-0.002972,-0.000100,0.000653,0.001082,0.000000
1016.000000,-0.002487,0.000150,0.000503,0.001085,-0.002999
1017.000000,-0.001589,-0.000199,0.000703,0.001150,0.003996
1018.000000,-0.001198,-0.001095,0.000301,0.000776,-0.003996
1019.000000,-0.000200,-0.001290,0.000301,0.000809,0.002000
1020.000000,-0.000534,-0.001753,0.000217,0.000346,-0.001670
1021.000000,0.002190,-0.000148,0.000733,0.000667,0.010621
1022.000000,0.002576,0.000493,0.001145,0.000797,0.005923
1023.000000,0.002981,0.000892,0.000896,0.000477,-0.001970
1024.000000,0.002383,0.001092,0.000696,0.000397,-0.000987
1025.000000,0.002124,0.000795,0.000348,0.000701,-0.002966
1026.000000,-0.001790,0.000200,0.000175,0.000402,-0.008951
1027.000000,-0.002576,0.000000,-0.000100,0.000469,0.001996
1028.000000,-0.002134,0.000424,-0.000336,0.000342,0.000239
1029.000000,0.000591,0.001487,0.000099,0.000696,0.012639
1030.000000,-0.000198,0.000963,-0.000395,0.000466,-0.006914
1031.000000,0.001592,-0.000099,-0.000124,0.000455,0.000000
1032.000000,-0.000200,-0.001388,-0.000447,0.000301,-0.006962
1033.000000,0.001541,-0.000296,0.000298,0.000498,0.008942
1034.000000,0.000197,0.000394,0.000743,0.000595,0.005917
1035.000000,0.001972,0.000887,0.000841,0.000528,0.001965
1036.000000,0.002756,0.002174,0.001187,0.000841,0.003918
1037.000000,0.005123,0.002462,0.001231,0.000754,0.004876
1038.000000,0.002458,0.001999,0.001211,0.000443,-0.004387
1039.000000,0.000981,0.000589,0.001038,0.000262,-0.001467
1040.000000,0.002341,0.002157,0.001560,0.000456,0.008768
1041.000000,0.001752,0.002254,0.001077,0.000669,0.000969
1042.000000,0.002127,0.003625,0.001119,0.000910,0.006750
1043.000000,0.002814,0.002636,0.001170,0.001077,-0.000953
1044.000000,0.003684,0.002332,0.001363,0.001273,0.002886
1045.000000,0.001892,0.002117,0.001502,0.001266,-0.000192
1046.000000,0.003839,0.002795,0.002485,0.001723,0.010703
1047.000000,0.001727,0.001927,0.002194,0.001463,-0.003810
1048.000000,0.001153,0.001983,0.001991,0.001469,-0.003824
1049.000000,0.000576,0.002130,0.001359,0.001402,0.000000
1050.000000,-0.000732,0.000580,0.001369,0.001233,-0.006728
1051.000000,-0.004227,-0.000194,0.001030,0.000654,-0.006773
1052.000000,-0.004243,-0.001258,0.001183,0.000326,-0.003891
1053.000000,-0.003869,-0.001358,0.000639,0.000327,-0.001951
1054.000000,-0.003892,-0.001658,0.000337,0.000356,-0.000117
1055.000000,-0.003110,-0.001921,0.000098,0.000361,-0.002817
1056.000000,-0.000389,-0.002308,0.000244,0.000887,0.006833
1057.000000,0.000000,-0.002122,-0.000097,0.000756,-0.001947
1058.000000,0.001168,-0.001350,0.000317,0.000877,0.003891
1059.000000,0.000998,-0.001447,0.000341,0.000424,-0.000971
1060.000000,-0.000392,-0.001751,-0.000585,0.000329,-0.009766
1061.000000,-0.000975,-0.000682,-0.000438,0.000459,0.003918
1062.000000,-0.000039,-0.000019,-0.000639,0.000782,0.002733
1063.000000,-0.000973,0.000098,-0.000630,0.000458,-0.000780
1064.000000,-0.002150,-0.000576,-0.001117,0.000033,-0.006853
1065.000000,0.001174,0.000391,-0.000765,0.000196,0.006853
1066.000000,0.000780,-0.000097,-0.001203,0.000130,0.001949
1067.000000,0.000817,0.000389,-0.000866,0.000065,0.002917
1068.000000,0.001361,0.000194,-0.000578,0.000276,0.001940
1069.000000,0.002150,0.000000,-0.000724,0.000228,-0.002911
1070.000000,0.001288,0.001231,-0.000260,0.000020,0.002543
1071.000000,0.000971,0.000876,0.000097,0.000000,0.000368
1072.000000,0.000769,0.000793,0.000387,-0.000161,0.001907
1073.000000,0.001541,0.001451,0.000774,0.000064,0.005796
1074.000000,0.001742,0.001946,0.000685,-0.000096,-0.001906
1075.000000,0.000847,0.001067,0.000729,-0.000154,-0.001929
1076.000000,0.000774,0.000873,0.000388,-0.000511,0.000000
1077.000000,-0.000350,0.000209,0.000299,-0.000508,-0.003713
1078.000000,-0.000574,0.000483,0.000339,-0.000224,0.004678
1079.000000,-0.000966,0.000388,0.000194,-0.000353,-0.003865
1080.000000,0.000193,0.000520,0.000876,0.000000,0.003865
1081.000000,0.000963,0.000868,0.000872,0.000354,0.003850
1082.000000,0.000356,0.000003,0.000398,0.000259,-0.006747
1083.000000,0.001154,0.000290,0.000870,0.000613,0.008666
1084.000000,0.001927,0.000481,0.001213,0.000617,0.000000
1085.000000,0.002301,0.001247,0.001157,0.000902,0.005736
1086.000000,0.000958,0.000961,0.000917,0.000579,-0.002864
1087.000000,0.001157,0.000757,0.000483,0.000452,-0.005753
1088.000000,-0.000192,0.000481,0.000482,0.000386,0.001921
1089.000000,-0.001347,0.000290,0.000339,0.000226,-0.005775
1090.000000,-0.002016,0.000143,0.000331,0.000631,0.002391
1091.000000,-0.001151,-0.000096,0.000386,0.000549,0.001463
1092.000000,0.000192,0.000675,0.000339,0.000490,0.000961
1093.000000,-0.000769,-0.000481,-0.000095,0.000420,-0.002886
1094.000000,-0.000193,-0.000770,-0.000145,0.000552,-0.002894
1095.000000,-0.001252,-0.001634,-0.000193,0.000227,-0.002903
1096.000000,-0.001738,-0.001444,-0.000242,0.000130,-0.000969
1097.000000,-0.002125,-0.000966,-0.000105,0.000000,-0.000970
1098.000000,-0.001547,-0.001158,-0.000339,-0.000065,0.000000
1099.000000,-0.000774,-0.000484,-0.000097,0.000065,0.000970
1100.000000,-0.003519,-0.002386,-0.001121,-0.000574,-0.016626
1101.000000,-0.002145,-0.001942,-0.001019,-0.000390,0.005900
1102.000000,0.000194,-0.000965,-0.000145,-0.000096,0.010727
1103.000000,0.000194,-0.000677,-0.000579,-0.000289,0.000000
1104.000000,0.000968,0.000097,-0.000337,-0.000064,0.004838
1105.000000,0.003906,0.000194,-0.000720,-0.000064,-0.001932
1106.000000,0.003884,0.000869,-0.000288,0.000128,0.005786
1107.000000,0.000774,0.000484,-0.000241,0.000092,-0.004819
1108.000000,0.001546,0.000870,-0.000144,0.000064,0.003857
1109.000000,-0.000386,0.000291,-0.000097,0.000032,-0.004824
1110.000000,0.001349,0.002628,0.000121,0.000128,0.006747
1111.000000,0.000576,0.002230,0.000144,0.000064,0.001919
1112.000000,0.002687,0.001731,0.000383,0.000480,0.005736
1113.000000,0.001725,0.001635,0.000479,0.000159,-0.000954
1114.000000,0.002499,0.001056,0.000576,0.000128,-0.000955
1115.000000,0.000767,0.001058,0.000626,-0.000127,-0.001912
1116.000000,0.000383,0.000480,0.000674,-0.000032,0.000000
1117.000000,-0.000191,0.001248,0.000866,0.000255,0.002867
1118.000000,0.000191,0.000958,0.000914,0.000223,0.000954
1119.000000,0.000000,0.001249,0.000770,0.000352,-0.001908
1120.000000,0.000955,0.000861,0.001744,0.000368,0.002861
1121.000000,0.001905,0.001144,0.001687,0.000477,0.004751
1122.000000,0.001521,0.000665,0.001198,0.000477,0.000947
1123.000000,0.001141,0.000666,0.001151,0.000541,-0.000947
1124.000000,0.000382,0.000191,0.000624,0.000448,-0.005703
1125.000000,-0.000763,0.000096,0.000577,0.000449,-0.002864
1126.000000,-0.000950,0.000477,0.000478,0.000609,0.003817
1127.000000,0.000189,0.000855,0.001052,0.000863,0.006645
1128.000000,0.000757,0.000949,0.000953,0.000926,0.001890
1129.000000,0.001709,0.001045,0.001147,0.000862,-0.000945
1130.000000,0.001713,0.000475,0.000668,0.001321,-0.002840
1131.000000,-0.000811,-0.000881,0.000132,0.000831,-0.008806
1132.000000,-0.001901,-0.000856,-0.000095,0.000513,0.001195
1133.000000,-0.001898,-0.000570,0.000048,0.000577,0.001908
1134.000000,-0.002869,-0.000580,-0.000195,0.000222,-0.005803
1135.000000,-0.003828,-0.001057,-0.000481,0.000032,-0.007633
1136.000000,-0.002647,-0.001729,-0.000626,-0.000257,-0.002903
1137.000000,-0.001919,-0.001910,-0.000528,0.000064,0.004833
1138.000000,-0.002494,-0.002196,-0.000624,-0.000096,-0.000965
1139.000000,-0.001720,-0.002295,-0.000625,0.000000,-0.001932
1140.000000,0.000579,-0.001624,-0.000575,-0.000096,0.003861
1141.000000,0.001159,-0.000744,-0.000812,-0.000160,0.000000
1142.000000,0.000962,-0.000479,-0.000667,-0.000223,0.003846
1143.000000,0.002303,-0.000095,-0.000333,0.000000,0.005742
1144.000000,0.003261,0.000771,0.000095,0.000127,0.002859
1145.000000,0.002299,0.001439,0.000191,0.000159,-0.000952
1146.000000,0.001536,0.001347,-0.000191,0.000032,-0.003817
1147.000000,0.002290,0.001626,-0.000142,0.000190,0.007619
1148.000000,0.001331,0.001817,-0.000189,0.000190,0.000948
1149.000000,0.000380,0.001821,-0.000237,0.000190,-0.001898
1150.000000,0.000190,0.001245,-0.000190,0.000032,-0.001901
1151.000000,0.002281,0.001908,0.000582,0.000095,0.006638
1152.000000,0.000568,0.001429,0.000475,0.000032,-0.000946
1153.000000,0.000189,0.000760,0.000333,0.000032,-0.000947
1154.000000,0.000380,0.000380,0.000575,0.000190,-0.000947
1155.000000,0.000570,0.000380,0.000910,0.000254,-0.000948
1156.000000,0.000026,0.001154,0.001251,0.000257,0.003920
1157.000000,-0.000379,0.000095,0.000860,-0.000063,-0.002972
1158.000000,-0.002094,-0.000952,0.000432,-0.000444,-0.009524
1159.000000,-0.006160,-0.002890,-0.000535,-0.001121,-0.021277
1160.000000,-0.004801,-0.002115,-0.000435,-0.000832,0.005848
1161.000000,-0.003651,-0.001812,0.000048,-0.000216,0.009671
1162.000000,-0.003828,-0.002103,-0.000337,-0.000384,-0.003857
1163.000000,-0.002116,-0.002105,-0.000672,-0.000480,-0.000967
1164.000000,-0.000391,-0.003276,-0.001448,-0.000708,-0.012652
1165.000000,-0.000781,-0.002791,-0.001205,-0.000324,0.003900
1166.000000,-0.003887,-0.003769,-0.001308,-0.000423,-0.005861
1167.000000,-0.000774,-0.002301,-0.001103,-0.000193,0.011707
1168.000000,-0.001117,-0.001617,-0.001285,-0.000251,-0.002681
1169.000000,0.001172,0.000390,-0.001250,-0.000226,-0.001207
1170.000000,0.001363,0.000291,-0.000912,-0.000193,0.004857
1171.000000,0.002341,-0.000773,-0.001293,-0.000226,-0.000969
1172.000000,0.000581,-0.000097,-0.001100,-0.000257,0.002906
1173.000000,0.001311,0.000097,-0.001004,-0.000416,0.000967
1174.000000,0.003092,0.002132,-0.000572,-0.000255,0.007700
1175.000000,0.002693,0.002028,-0.000381,-0.000128,0.002863
1176.000000,0.001546,0.001944,-0.000913,-0.000224,-0.006705
1177.000000,0.001541,0.001061,-0.000620,-0.000382,0.002883
1178.000000,0.001540,0.001425,-0.000096,-0.000381,0.000959
1179.000000,0.000192,0.001642,0.001016,-0.000286,0.000958
1180.000000,0.001108,0.001900,0.001096,0.000025,0.007443
1181.000000,0.002867,0.002206,0.000717,-0.000126,0.002089
1182.000000,0.002290,0.001916,0.000910,-0.000095,0.000000
1183.000000,0.001718,0.001629,0.000863,-0.000127,-0.001899
1184.000000,0.001907,0.001049,0.001590,-0.000032,0.001899
1185.000000,0.000608,0.000858,0.001443,0.000032,0.000948
1186.000000,0.001135,0.002001,0.001972,0.000059,0.004728
1187.000000,0.001324,0.001807,0.001434,0.000189,0.000943
1188.000000,0.001326,0.001522,0.001474,0.000444,-0.001887
1189.000000,0.001512,0.001709,0.001676,0.001247,0.002829
1190.000000,0.001793,0.001200,0.001550,0.001131,0.002351
1191.000000,0.001691,0.001413,0.001810,0.000949,0.004218
1192.000000,0.001315,0.001320,0.001618,0.001046,-0.000936
1193.000000,0.001880,0.001603,0.001616,0.001110,0.000936
1194.000000,0.002619,0.002066,0.001557,0.001749,0.006527
1195.000000,0.002891,0.002342,0.001600,0.001743,0.003711
1196.000000,0.002047,0.001869,0.001935,0.001938,0.000000
1197.000000,0.002049,0.001682,0.001745,0.001517,-0.000926
1198.000000,0.002787,0.002333,0.001928,0.001760,0.004623
1199.000000,0.000927,0.001773,0.001741,0.001708,-0.002771
1200.000000,-0.000556,0.001167,0.001184,0.001423,-0.003707
1201.000000,0.000000,0.001024,0.001218,0.001548,0.002782
1202.000000,0.000185,0.001117,0.001218,0.001451,0.000000
1203.000000,-0.001110,0.000838,0.001221,0.001357,-0.001854
1204.000000,-0.000556,0.000186,0.001126,0.001100,0.000000
1205.000000,-0.000931,-0.000743,0.000799,0.000819,-0.005581
1206.000000,-0.000556,-0.000278,0.000796,0.001197,0.004653
1207.000000,-0.001487,-0.000651,0.000516,0.000946,-0.004653
1208.000000,-0.001116,-0.001113,0.000610,0.000914,0.000000
1209.000000,0.000169,-0.000194,0.000790,0.001096,0.006425
1210.000000,0.001302,0.000186,0.000676,0.000851,0.000083
1211.000000,0.000741,0.000093,0.000558,0.000843,0.001852
1212.000000,0.000743,-0.000372,0.000373,0.000688,-0.004645
1213.000000,0.000000,-0.000558,0.000140,0.000628,-0.003715
1214.000000,-0.001285,-0.000558,-0.000186,0.000564,0.000000
1215.000000,-0.001675,-0.000187,-0.000465,0.000471,-0.001867
1216.000000,-0.001672,-0.000465,-0.000372,0.000375,0.001867
1217.000000,-0.000743,0.000000,-0.000325,0.000344,0.000000
1218.000000,0.000000,0.000000,-0.000557,0.000407,0.000000
1219.000000,0.000186,-0.000549,-0.000371,0.000343,0.000932
1220.000000,0.000932,-0.000371,-0.000093,0.000327,0.001862
1221.000000,0.000745,-0.000464,-0.000186,0.000218,0.000930
1222.000000,0.000000,-0.000372,-0.000372,0.000125,-0.003724
1223.000000,-0.001123,-0.000561,-0.000560,-0.000094,-0.005613
1224.000000,-0.001497,-0.000655,-0.000607,-0.000343,-0.000939
1225.000000,-0.002057,-0.000562,-0.000375,-0.000498,-0.000939
1226.000000,-0.003752,-0.001504,-0.000985,-0.000749,-0.007547
1227.000000,-0.004911,-0.002455,-0.001228,-0.001035,-0.009515
1228.000000,-0.002834,-0.001978,-0.000989,-0.001031,0.004769
1229.000000,-0.001319,-0.001408,-0.000979,-0.000717,0.006638
1230.000000,-0.000753,-0.001405,-0.000888,-0.000530,0.001889
1231.000000,0.001509,-0.001122,-0.000793,-0.000498,0.003766
1232.000000,0.004350,-0.000280,-0.000326,-0.000341,0.004688
1233.000000,0.004143,0.000655,0.000047,-0.000155,0.003735
1234.000000,0.001694,0.000188,-0.000234,-0.000342,-0.005607
1235.000000,0.001971,0.000609,0.000023,-0.000047,0.003275
1236.000000,0.002243,0.001876,0.000186,-0.000031,0.005125
1237.000000,0.002971,0.003661,0.000603,0.000402,0.008330
1238.000000,0.002777,0.003460,0.000741,0.000494,0.002761
1239.000000,0.004087,0.002891,0.000741,0.000311,0.000946
1240.000000,0.002691,0.002331,0.000463,0.000185,-0.003707
1241.000000,0.000371,0.001307,0.000093,-0.000093,-0.006473
1242.000000,-0.001480,0.000746,0.000233,0.000031,-0.000928
1243.000000,-0.001291,0.000743,0.000699,0.000279,0.003707
